  0.0000000e+000, -7.8949862e+001,
  2.5000000e+002, -7.9214437e+001,
  5.0000000e+002, -1.0239140e+002,
  7.5000000e+002, -1.0239140e+002,
  1.0000000e+003, -1.0239140e+002,
  1.2500000e+003, -1.0239140e+002,
  1.5000000e+003, -1.0237376e+002,
  1.7500000e+003, -1.0239140e+002,
  2.0000000e+003, -1.0239140e+002,
  2.2500000e+003, -1.0239140e+002,
  2.5000000e+003, -1.0239140e+002,
  2.7500000e+003, -1.0239140e+002,
  3.0000000e+003, -1.0239140e+002,
  3.2500000e+003, -1.0239140e+002,
  3.5000000e+003, -9.8804905e+001,
  3.7500000e+003, -1.0096268e+002,
  4.0000000e+003, -1.0239140e+002,
  4.2500000e+003, -1.0108615e+002,
  4.5000000e+003, -1.0239140e+002,
  4.7500000e+003, -1.0135660e+002,
  5.0000000e+003, -1.0239140e+002,
  5.2500000e+003, -1.0239140e+002,
  5.5000000e+003, -1.0239140e+002,
  5.7500000e+003, -1.0048644e+002,
  6.0000000e+003, -9.8493292e+001,
  6.2500000e+003, -9.9298783e+001,
  6.5000000e+003, -1.0011015e+002,
  6.7500000e+003, -1.0239140e+002,
  7.0000000e+003, -1.0239140e+002,
  7.2500000e+003, -1.0239140e+002,
  7.5000000e+003, -1.0239140e+002,
  7.7500000e+003, -1.0239140e+002,
  8.0000000e+003, -1.0217973e+002,
  8.2500000e+003, -1.0239140e+002,
  8.5000000e+003, -1.0239140e+002,
  8.7500000e+003, -1.0239140e+002,
  9.0000000e+003, -1.0239140e+002,
  9.2500000e+003, -1.0239140e+002,
  9.5000000e+003, -1.0239140e+002,
  9.7500000e+003, -1.0239140e+002,
  1.0000000e+004, -1.0188576e+002,
  1.0250000e+004, -1.0239140e+002,
  1.0500000e+004, -9.9363457e+001,
  1.0750000e+004, -9.7899464e+001,
  1.1000000e+004, -1.0239140e+002,
  1.1250000e+004, -1.0239140e+002,
  1.1500000e+004, -1.0239140e+002,
  1.1750000e+004, -1.0135660e+002,
  1.2000000e+004, -1.0186812e+002,
  1.2250000e+004, -1.0135660e+002,
  1.2500000e+004, -9.8416859e+001,
  1.2750000e+004, -1.0239140e+002,
  1.3000000e+004, -1.0239140e+002,
  1.3250000e+004, -1.0239140e+002,
  1.3500000e+004, -1.0239140e+002,
  1.3750000e+004, -1.0224441e+002,
  1.4000000e+004, -1.0239140e+002,
  1.4250000e+004, -9.9775022e+001,
  1.4500000e+004, -1.0239140e+002,
  1.4750000e+004, -1.0239140e+002,
  1.5000000e+004, -1.0239140e+002,
  1.5250000e+004, -9.8093487e+001,
  1.5500000e+004, -1.0239140e+002,
  1.5750000e+004, -9.9486927e+001,
  1.6000000e+004, -9.9592757e+001,
  1.6250000e+004, -1.0239140e+002,
  1.6500000e+004, -9.7229202e+001,
  1.6750000e+004, -1.0213270e+002,
  1.7000000e+004, -1.0239140e+002,
  1.7250000e+004, -1.0239140e+002,
  1.7500000e+004, -1.0239140e+002,
  1.7750000e+004, -1.0152123e+002,
  1.8000000e+004, -9.9575119e+001,
  1.8250000e+004, -1.0239140e+002,
  1.8500000e+004, -9.9210590e+001,
  1.8750000e+004, -1.0224441e+002,
  1.9000000e+004, -1.0239140e+002,
  1.9250000e+004, -9.9575119e+001,
  1.9500000e+004, -9.5482993e+001,
  1.9750000e+004, -9.8416859e+001,
  2.0000000e+004, -1.0224441e+002,
  2.0250000e+004, -9.6076821e+001,
  2.0500000e+004, -9.8499172e+001,
  2.0750000e+004, -1.0239140e+002,
  2.1000000e+004, -9.5724051e+001,
  2.1250000e+004, -9.9116518e+001,
  2.1500000e+004, -9.8516810e+001,
  2.1750000e+004, -9.4095432e+001,
  2.2000000e+004, -9.1185083e+001,
  2.2250000e+004, -9.1649564e+001,
  2.2500000e+004, -8.9450634e+001,
  2.2750000e+004, -8.7774979e+001,
  2.3000000e+004, -8.9409477e+001,
  2.3250000e+004, -8.6052288e+001,
  2.3500000e+004, -8.2265894e+001,
  2.3750000e+004, -8.1037081e+001,
  2.4000000e+004, -7.6956713e+001,
  2.4250000e+004, -7.2876345e+001,
  2.4500000e+004, -6.6314831e+001,
  2.4750000e+004, -5.4179562e+001,
  2.5000000e+004, -4.6877232e+001,
  2.5250000e+004, -4.2161880e+001,
  2.5500000e+004, -5.7930676e+001,
  2.5750000e+004, -6.7831741e+001,
  2.6000000e+004, -7.3869980e+001,
  2.6250000e+004, -7.8297237e+001,
  2.6500000e+004, -8.1807295e+001,
  2.6750000e+004, -8.4100296e+001,
  2.7000000e+004, -8.7257583e+001,
  2.7250000e+004, -8.8292374e+001,
  2.7500000e+004, -8.8798010e+001,
  2.7750000e+004, -9.2284549e+001,
  2.8000000e+004, -9.2866618e+001,
  2.8250000e+004, -9.1202723e+001,
  2.8500000e+004, -1.0019247e+002,
  2.8750000e+004, -9.4324733e+001,
  2.9000000e+004, -9.6170893e+001,
  2.9250000e+004, -1.0239140e+002,
  2.9500000e+004, -9.3607434e+001,
  2.9750000e+004, -9.7099853e+001,
  3.0000000e+004, -1.0096268e+002,
  3.0250000e+004, -1.0239140e+002,
  3.0500000e+004, -9.8622641e+001,
  3.0750000e+004, -1.0180933e+002,
  3.1000000e+004, -9.5318367e+001,
  3.1250000e+004, -9.8575605e+001,
  3.1500000e+004, -1.0239140e+002,
  3.1750000e+004, -9.8363944e+001,
  3.2000000e+004, -1.0239140e+002,
  3.2250000e+004, -1.0239140e+002,
  3.2500000e+004, -1.0053936e+002,
  3.2750000e+004, -1.0239140e+002,
  3.3000000e+004, -1.0239140e+002,
  3.3250000e+004, -1.0239140e+002,
  3.3500000e+004, -1.0239140e+002,
  3.3750000e+004, -1.0239140e+002,
  3.4000000e+004, -1.0205626e+002,
  3.4250000e+004, -1.0239140e+002,
  3.4500000e+004, -9.9316421e+001,
  3.4750000e+004, -1.0239140e+002,
  3.5000000e+004, -1.0002196e+002,
  3.5250000e+004, -1.0239140e+002,
  3.5500000e+004, -1.0239140e+002,
  3.5750000e+004, -1.0239140e+002,
  3.6000000e+004, -1.0239140e+002,
  3.6250000e+004, -1.0239140e+002,
  3.6500000e+004, -1.0239140e+002,
  3.6750000e+004, -1.0239140e+002,
  3.7000000e+004, -1.0224441e+002,
  3.7250000e+004, -1.0239140e+002,
  3.7500000e+004, -1.0239140e+002,
  3.7750000e+004, -1.0232672e+002,
  3.8000000e+004, -1.0116258e+002,
  3.8250000e+004, -9.9316421e+001,
  3.8500000e+004, -1.0239140e+002,
  3.8750000e+004, -1.0239140e+002,
  3.9000000e+004, -1.0135660e+002,
  3.9250000e+004, -9.9210590e+001,
  3.9500000e+004, -1.0239140e+002,
  3.9750000e+004, -1.0239140e+002,
  4.0000000e+004, -1.0239140e+002,
  4.0250000e+004, -1.0239140e+002,
  4.0500000e+004, -1.0213270e+002,
  4.0750000e+004, -1.0239140e+002,
  4.1000000e+004, -1.0239140e+002,
  4.1250000e+004, -1.0239140e+002,
  4.1500000e+004, -1.0239140e+002,
  4.1750000e+004, -1.0239140e+002,
  4.2000000e+004, -1.0239140e+002,
  4.2250000e+004, -1.0239140e+002,
  4.2500000e+004, -1.0239140e+002,
  4.2750000e+004, -1.0239140e+002,
  4.3000000e+004, -1.0116258e+002,
  4.3250000e+004, -1.0146832e+002,
  4.3500000e+004, -1.0239140e+002,
  4.3750000e+004, -1.0116258e+002,
  4.4000000e+004, -1.0239140e+002,
  4.4250000e+004, -1.0239140e+002,
  4.4500000e+004, -1.0239140e+002,
  4.4750000e+004, -1.0239140e+002,
  4.5000000e+004, -1.0239140e+002,
  4.5250000e+004, -1.0239140e+002,
  4.5500000e+004, -1.0239140e+002,
  4.5750000e+004, -9.9410493e+001,
  4.6000000e+004, -1.0239140e+002,
  4.6250000e+004, -1.0239140e+002,
  4.6500000e+004, -1.0239140e+002,
  4.6750000e+004, -1.0239140e+002,
  4.7000000e+004, -1.0239140e+002,
  4.7250000e+004, -1.0239140e+002,
  4.7500000e+004, -1.0239140e+002,
  4.7750000e+004, -1.0239140e+002,
  4.8000000e+004, -1.0239140e+002,
  4.8250000e+004, -1.0239140e+002,
  4.8500000e+004, -9.9210590e+001,
  4.8750000e+004, -1.0217973e+002,
  4.9000000e+004, -1.0239140e+002,
  4.9250000e+004, -1.0239140e+002,
  4.9500000e+004, -1.0108615e+002,
  4.9750000e+004, -1.0239140e+002,
  5.0000000e+004, -9.9657432e+001,
  5.0250000e+004, -1.0239140e+002,
  5.0500000e+004, -1.0239140e+002,
  5.0750000e+004, -1.0239140e+002,
  5.1000000e+004, -1.0239140e+002,
  5.1250000e+004, -1.0239140e+002,
  5.1500000e+004, -1.0239140e+002,
  5.1750000e+004, -1.0239140e+002,
  5.2000000e+004, -1.0239140e+002,
  5.2250000e+004, -1.0096268e+002,
  5.2500000e+004, -1.0239140e+002,
  5.2750000e+004, -1.0239140e+002,
  5.3000000e+004, -1.0239140e+002,
  5.3250000e+004, -1.0239140e+002,
  5.3500000e+004, -1.0239140e+002,
  5.3750000e+004, -1.0239140e+002,
  5.4000000e+004, -1.0239140e+002,
  5.4250000e+004, -1.0239140e+002,
  5.4500000e+004, -1.0239140e+002,
  5.4750000e+004, -1.0239140e+002,
  5.5000000e+004, -1.0239140e+002,
  5.5250000e+004, -1.0239140e+002,
  5.5500000e+004, -1.0239140e+002,
  5.5750000e+004, -1.0239140e+002,
  5.6000000e+004, -1.0239140e+002,
  5.6250000e+004, -9.9957286e+001,
  5.6500000e+004, -1.0239140e+002,
  5.6750000e+004, -1.0239140e+002,
  5.7000000e+004, -1.0152123e+002,
  5.7250000e+004, -1.0239140e+002,
  5.7500000e+004, -1.0239140e+002,
  5.7750000e+004, -1.0239140e+002,
  5.8000000e+004, -1.0239140e+002,
  5.8250000e+004, -1.0239140e+002,
  5.8500000e+004, -9.9957286e+001,
  5.8750000e+004, -1.0239140e+002,
  5.9000000e+004, -1.0239140e+002,
  5.9250000e+004, -1.0239140e+002,
  5.9500000e+004, -1.0239140e+002,
  5.9750000e+004, -1.0239140e+002,
  6.0000000e+004, -1.0239140e+002,
  6.0250000e+004, -1.0239140e+002,
  6.0500000e+004, -1.0239140e+002,
  6.0750000e+004, -1.0239140e+002,
  6.1000000e+004, -1.0239140e+002,
  6.1250000e+004, -1.0239140e+002,
  6.1500000e+004, -1.0239140e+002,
  6.1750000e+004, -1.0213270e+002,
  6.2000000e+004, -1.0239140e+002,
  6.2250000e+004, -1.0239140e+002,
  6.2500000e+004, -1.0045704e+002,
  6.2750000e+004, -1.0239140e+002,
  6.3000000e+004, -1.0239140e+002,
  6.3250000e+004, -1.0239140e+002,
  6.3500000e+004, -1.0239140e+002,
  6.3750000e+004, -1.0239140e+002,
  6.4000000e+004, -1.0239140e+002,
  6.4250000e+004, -1.0239140e+002,
  6.4500000e+004, -1.0239140e+002,
  6.4750000e+004, -1.0239140e+002,
  6.5000000e+004, -1.0239140e+002,
  6.5250000e+004, -1.0239140e+002,
  6.5500000e+004, -1.0239140e+002,
  6.5750000e+004, -1.0239140e+002,
  6.6000000e+004, -1.0239140e+002,
  6.6250000e+004, -1.0239140e+002,
  6.6500000e+004, -1.0239140e+002,
  6.6750000e+004, -1.0239140e+002,
  6.7000000e+004, -1.0239140e+002,
  6.7250000e+004, -1.0239140e+002,
  6.7500000e+004, -1.0239140e+002,
  6.7750000e+004, -1.0239140e+002,
  6.8000000e+004, -1.0239140e+002,
  6.8250000e+004, -1.0239140e+002,
  6.8500000e+004, -1.0239140e+002,
  6.8750000e+004, -1.0239140e+002,
  6.9000000e+004, -1.0239140e+002,
  6.9250000e+004, -1.0239140e+002,
  6.9500000e+004, -1.0239140e+002,
  6.9750000e+004, -1.0060991e+002,
  7.0000000e+004, -1.0239140e+002,
  7.0250000e+004, -1.0239140e+002,
  7.0500000e+004, -1.0239140e+002,
  7.0750000e+004, -1.0239140e+002,
  7.1000000e+004, -1.0239140e+002,
  7.1250000e+004, -1.0239140e+002,
  7.1500000e+004, -1.0239140e+002,
  7.1750000e+004, -1.0239140e+002,
  7.2000000e+004, -1.0239140e+002,
  7.2250000e+004, -9.9957286e+001,
  7.2500000e+004, -1.0239140e+002,
  7.2750000e+004, -9.8040572e+001,
  7.3000000e+004, -1.0239140e+002,
  7.3250000e+004, -1.0239140e+002,
  7.3500000e+004, -1.0239140e+002,
  7.3750000e+004, -1.0239140e+002,
  7.4000000e+004, -1.0239140e+002,
  7.4250000e+004, -1.0239140e+002,
  7.4500000e+004, -1.0239140e+002,
  7.4750000e+004, -1.0239140e+002,
  7.5000000e+004, -1.0239140e+002,
  7.5250000e+004, -1.0239140e+002,
  7.5500000e+004, -8.9474152e+001,
  7.5750000e+004, -1.0035709e+002,
  7.6000000e+004, -1.0239140e+002,
  7.6250000e+004, -9.9692709e+001,
  7.6500000e+004, -1.0239140e+002,
  7.6750000e+004, -1.0239140e+002,
  7.7000000e+004, -1.0239140e+002,
  7.7250000e+004, -1.0239140e+002,
  7.7500000e+004, -1.0239140e+002,
  7.7750000e+004, -1.0239140e+002,
  7.8000000e+004, -1.0239140e+002,
  7.8250000e+004, -1.0239140e+002,
  7.8500000e+004, -1.0239140e+002,
  7.8750000e+004, -1.0239140e+002,
  7.9000000e+004, -1.0239140e+002,
  7.9250000e+004, -1.0199159e+002,
  7.9500000e+004, -1.0239140e+002,
  7.9750000e+004, -1.0239140e+002,
  8.0000000e+004, -1.0239140e+002,
  8.0250000e+004, -1.0239140e+002,
  8.0500000e+004, -9.7752476e+001,
  8.0750000e+004, -1.0239140e+002,
  8.1000000e+004, -1.0239140e+002,
  8.1250000e+004, -1.0239140e+002,
  8.1500000e+004, -1.0239140e+002,
  8.1750000e+004, -1.0239140e+002,
  8.2000000e+004, -1.0239140e+002,
  8.2250000e+004, -1.0239140e+002,
  8.2500000e+004, -1.0239140e+002,
  8.2750000e+004, -1.0239140e+002,
  8.3000000e+004, -1.0045704e+002,
  8.3250000e+004, -1.0239140e+002,
  8.3500000e+004, -1.0239140e+002,
  8.3750000e+004, -1.0239140e+002,
  8.4000000e+004, -1.0239140e+002,
  8.4250000e+004, -1.0239140e+002,
  8.4500000e+004, -1.0239140e+002,
  8.4750000e+004, -1.0230908e+002,
  8.5000000e+004, -1.0239140e+002,
  8.5250000e+004, -1.0239140e+002,
  8.5500000e+004, -1.0239140e+002,
  8.5750000e+004, -1.0239140e+002,
  8.6000000e+004, -1.0239140e+002,
  8.6250000e+004, -1.0239140e+002,
  8.6500000e+004, -1.0239140e+002,
  8.6750000e+004, -1.0239140e+002,
  8.7000000e+004, -1.0239140e+002,
  8.7250000e+004, -1.0239140e+002,
  8.7500000e+004, -1.0239140e+002,
  8.7750000e+004, -1.0239140e+002,
  8.8000000e+004, -1.0020422e+002,
  8.8250000e+004, -1.0239140e+002,
  8.8500000e+004, -1.0239140e+002,
  8.8750000e+004, -1.0239140e+002,
  8.9000000e+004, -1.0239140e+002,
  8.9250000e+004, -1.0239140e+002,
  8.9500000e+004, -1.0186812e+002,
  8.9750000e+004, -1.0239140e+002,
  9.0000000e+004, -1.0239140e+002,
  9.0250000e+004, -1.0239140e+002,
  9.0500000e+004, -1.0239140e+002,
  9.0750000e+004, -1.0239140e+002,
  9.1000000e+004, -1.0060991e+002,
  9.1250000e+004, -1.0239140e+002,
  9.1500000e+004, -1.0239140e+002,
  9.1750000e+004, -1.0239140e+002,
  9.2000000e+004, -1.0239140e+002,
  9.2250000e+004, -1.0239140e+002,
  9.2500000e+004, -1.0239140e+002,
  9.2750000e+004, -1.0150947e+002,
  9.3000000e+004, -1.0239140e+002,
  9.3250000e+004, -1.0239140e+002,
  9.3500000e+004, -1.0239140e+002,
  9.3750000e+004, -1.0239140e+002,
  9.4000000e+004, -1.0090976e+002,
  9.4250000e+004, -1.0239140e+002,
  9.4500000e+004, -1.0239140e+002,
  9.4750000e+004, -1.0239140e+002,
  9.5000000e+004, -1.0239140e+002,
  9.5250000e+004, -1.0239140e+002,
  9.5500000e+004, -1.0239140e+002,
  9.5750000e+004, -9.8346305e+001,
  9.6000000e+004, -1.0135660e+002,
  9.6250000e+004, -1.0239140e+002,
  9.6500000e+004, -1.0180933e+002,
  9.6750000e+004, -1.0239140e+002,
  9.7000000e+004, -1.0239140e+002,
  9.7250000e+004, -1.0239140e+002,
  9.7500000e+004, -1.0239140e+002,
  9.7750000e+004, -1.0239140e+002,
  9.8000000e+004, -1.0239140e+002,
  9.8250000e+004, -9.8816664e+001,
  9.8500000e+004, -1.0239140e+002,
  9.8750000e+004, -9.8040572e+001,
  9.9000000e+004, -1.0239140e+002,
  9.9250000e+004, -1.0213270e+002,
  9.9500000e+004, -1.0239140e+002,
  9.9750000e+004, -1.0019247e+002,
