  0.0000000e+000, -5.3991375e+001,
  1.2500000e+002, -5.7325047e+001,
  2.5000000e+002, -6.8002205e+001,
  3.7500000e+002, -8.4364830e+001,
  5.0000000e+002, -8.7339853e+001,
  6.2500000e+002, -8.8380524e+001,
  7.5000000e+002, -8.9168375e+001,
  8.7500000e+002, -8.9991503e+001,
  1.0000000e+003, -9.0832272e+001,
  1.1250000e+003, -9.1761230e+001,
  1.2500000e+003, -9.2895973e+001,
  1.3750000e+003, -9.4001318e+001,
  1.5000000e+003, -9.5141939e+001,
  1.6250000e+003, -9.6570656e+001,
  1.7500000e+003, -9.8310986e+001,
  1.8750000e+003, -9.9369293e+001,
  2.0000000e+003, -9.9792617e+001,
  2.1250000e+003, -1.0042760e+002,
  2.2500000e+003, -1.0029237e+002,
  2.3750000e+003, -9.9663268e+001,
  2.5000000e+003, -9.9116475e+001,
  2.6250000e+003, -9.8452093e+001,
  2.7500000e+003, -9.7205641e+001,
  2.8750000e+003, -9.6582415e+001,
  3.0000000e+003, -9.7105688e+001,
  3.1250000e+003, -9.7199760e+001,
  3.2500000e+003, -9.7005737e+001,
  3.3750000e+003, -9.6805836e+001,
  3.5000000e+003, -9.6758799e+001,
  3.6250000e+003, -9.7417301e+001,
  3.7500000e+003, -9.8299227e+001,
  3.8750000e+003, -9.9075319e+001,
  4.0000000e+003, -1.0004543e+002,
  4.1250000e+003, -1.0109198e+002,
  4.2500000e+003, -1.0156234e+002,
  4.3750000e+003, -1.0177401e+002,
  4.5000000e+003, -1.0179752e+002,
  4.6250000e+003, -1.0108611e+002,
  4.7500000e+003, -1.0009247e+002,
  4.8750000e+003, -9.9181149e+001,
  5.0000000e+003, -9.8475611e+001,
  5.1250000e+003, -9.8011131e+001,
  5.2500000e+003, -9.7646603e+001,
  5.3750000e+003, -9.7446699e+001,
  5.5000000e+003, -9.7235039e+001,
  5.6250000e+003, -5.3421062e+001,
  5.7500000e+003, -3.1766891e+001,
  5.8750000e+003, -2.0995667e+001,
  6.0000000e+003, -1.7656113e+001,
  6.1250000e+003, -2.0995667e+001,
  6.2500000e+003, -3.1766891e+001,
  6.3750000e+003, -5.3421062e+001,
  6.5000000e+003, -1.0407289e+002,
  6.6250000e+003, -1.0433746e+002,
  6.7500000e+003, -1.0425515e+002,
  6.8750000e+003, -1.0407877e+002,
  7.0000000e+003, -1.0353785e+002,
  7.1250000e+003, -1.0333795e+002,
  7.2500000e+003, -1.0366132e+002,
  7.3750000e+003, -1.0393766e+002,
  7.5000000e+003, -1.0437862e+002,
  7.6250000e+003, -1.0469023e+002,
  7.7500000e+003, -1.0499597e+002,
  7.8750000e+003, -1.0527818e+002,
  8.0000000e+003, -1.0546045e+002,
  8.1250000e+003, -1.0628358e+002,
  8.2500000e+003, -1.0673630e+002,
  8.3750000e+003, -1.0691268e+002,
  8.5000000e+003, -1.0687153e+002,
  8.6250000e+003, -1.0647760e+002,
  8.7500000e+003, -1.0642468e+002,
  8.8750000e+003, -1.0640705e+002,
  9.0000000e+003, -1.0678921e+002,
  9.1250000e+003, -1.0687153e+002,
  9.2500000e+003, -1.0685977e+002,
  9.3750000e+003, -1.0709495e+002,
  9.5000000e+003, -1.0721254e+002,
  9.6250000e+003, -1.0745947e+002,
  9.7500000e+003, -1.0721842e+002,
  9.8750000e+003, -1.0505476e+002,
  1.0000000e+004, -1.0071570e+002,
  1.0125000e+004, -1.0013951e+002,
  1.0250000e+004, -1.0390238e+002,
  1.0375000e+004, -1.0686565e+002,
  1.0500000e+004, -1.0725957e+002,
  1.0625000e+004, -1.0743008e+002,
  1.0750000e+004, -1.0782400e+002,
  1.0875000e+004, -1.0802391e+002,
  1.1000000e+004, -1.0773581e+002,
  1.1125000e+004, -1.0768877e+002,
  1.1250000e+004, -1.0767702e+002,
  1.1375000e+004, -1.0789456e+002,
  1.1500000e+004, -1.0777697e+002,
  1.1625000e+004, -1.0746535e+002,
  1.1750000e+004, -1.0732425e+002,
  1.1875000e+004, -1.0509592e+002,
  1.2000000e+004, -1.0345554e+002,
  1.2125000e+004, -1.0493717e+002,
  1.2250000e+004, -1.0680685e+002,
  1.2375000e+004, -1.0705967e+002,
  1.2500000e+004, -1.0737128e+002,
  1.2625000e+004, -1.0732425e+002,
  1.2750000e+004, -1.0696560e+002,
  1.2875000e+004, -1.0698324e+002,
  1.3000000e+004, -1.0716550e+002,
  1.3125000e+004, -1.0717138e+002,
  1.3250000e+004, -1.0701851e+002,
  1.3375000e+004, -1.0720666e+002,
  1.3500000e+004, -1.0727721e+002,
  1.3625000e+004, -1.0693032e+002,
  1.3750000e+004, -1.0694796e+002,
  1.3875000e+004, -1.0670102e+002,
  1.4000000e+004, -1.0631297e+002,
  1.4125000e+004, -1.0679509e+002,
  1.4250000e+004, -1.0738304e+002,
  1.4375000e+004, -1.0757706e+002,
  1.4500000e+004, -1.0779461e+002,
  1.4625000e+004, -1.0740656e+002,
  1.4750000e+004, -1.0710670e+002,
  1.4875000e+004, -1.0736540e+002,
  1.5000000e+004, -1.0737716e+002,
  1.5125000e+004, -1.0705379e+002,
  1.5250000e+004, -1.0673042e+002,
  1.5375000e+004, -9.9704425e+001,
  1.5500000e+004, -8.8274693e+001,
  1.5625000e+004, -8.3741604e+001,
  1.5750000e+004, -8.5846462e+001,
  1.5875000e+004, -9.4871483e+001,
  1.6000000e+004, -1.0615423e+002,
  1.6125000e+004, -1.0731837e+002,
  1.6250000e+004, -1.0750063e+002,
  1.6375000e+004, -1.0731837e+002,
  1.6500000e+004, -1.0746535e+002,
  1.6625000e+004, -1.0740068e+002,
  1.6750000e+004, -1.0716550e+002,
  1.6875000e+004, -1.0755943e+002,
  1.7000000e+004, -1.0756531e+002,
  1.7125000e+004, -1.0764762e+002,
  1.7250000e+004, -1.0746535e+002,
  1.7375000e+004, -1.0712434e+002,
  1.7500000e+004, -1.0680685e+002,
  1.7625000e+004, -1.0668926e+002,
  1.7750000e+004, -1.0336147e+002,
  1.7875000e+004, -9.4918518e+001,
  1.8000000e+004, -9.1767111e+001,
  1.8125000e+004, -9.5053747e+001,
  1.8250000e+004, -1.0369072e+002,
  1.8375000e+004, -1.0710670e+002,
  1.8500000e+004, -1.0716550e+002,
  1.8625000e+004, -1.0738892e+002,
  1.8750000e+004, -1.0746535e+002,
  1.8875000e+004, -1.0725369e+002,
  1.9000000e+004, -1.0679509e+002,
  1.9125000e+004, -1.0484310e+002,
  1.9250000e+004, -1.0312041e+002,
  1.9375000e+004, -1.0449033e+002,
  1.9500000e+004, -1.0667162e+002,
  1.9625000e+004, -1.0773581e+002,
  1.9750000e+004, -1.0813562e+002,
  1.9875000e+004, -1.0764174e+002,
  2.0000000e+004, -1.0678333e+002,
  2.0125000e+004, -1.0626006e+002,
  2.0250000e+004, -1.0651876e+002,
  2.0375000e+004, -1.0718314e+002,
  2.0500000e+004, -1.0762998e+002,
  2.0625000e+004, -1.0761234e+002,
  2.0750000e+004, -1.0685389e+002,
  2.0875000e+004, -1.0664810e+002,
  2.1000000e+004, -1.0693032e+002,
  2.1125000e+004, -1.0713610e+002,
  2.1250000e+004, -1.0689504e+002,
  2.1375000e+004, -1.0693032e+002,
  2.1500000e+004, -1.0731837e+002,
  2.1625000e+004, -1.0771817e+002,
  2.1750000e+004, -1.0739480e+002,
  2.1875000e+004, -1.0755943e+002,
  2.2000000e+004, -1.0780049e+002,
  2.2125000e+004, -1.0757118e+002,
  2.2250000e+004, -1.0778873e+002,
  2.2375000e+004, -1.0787692e+002,
  2.2500000e+004, -1.0782400e+002,
  2.2625000e+004, -1.0790632e+002,
  2.2750000e+004, -1.0744184e+002,
  2.2875000e+004, -1.0715962e+002,
  2.3000000e+004, -1.0683037e+002,
  2.3125000e+004, -1.0693032e+002,
  2.3250000e+004, -1.0723605e+002,
  2.3375000e+004, -1.0741832e+002,
  2.3500000e+004, -1.0735364e+002,
  2.3625000e+004, -1.0723017e+002,
  2.3750000e+004, -1.0713610e+002,
  2.3875000e+004, -1.0693032e+002,
  2.4000000e+004, -1.0707731e+002,
  2.4125000e+004, -1.0725369e+002,
  2.4250000e+004, -1.0754179e+002,
  2.4375000e+004, -1.0791220e+002,
  2.4500000e+004, -1.0768877e+002,
  2.4625000e+004, -1.0711258e+002,
  2.4750000e+004, -1.0678333e+002,
  2.4875000e+004, -1.0688328e+002,
  2.5000000e+004, -1.0734188e+002,
  2.5125000e+004, -1.0755355e+002,
  2.5250000e+004, -1.0766526e+002,
  2.5375000e+004, -1.0732425e+002,
  2.5500000e+004, -1.0719490e+002,
  2.5625000e+004, -1.0708907e+002,
  2.5750000e+004, -1.0699499e+002,
  2.5875000e+004, -1.0720078e+002,
  2.6000000e+004, -1.0702439e+002,
  2.6125000e+004, -1.0713022e+002,
  2.6250000e+004, -1.0688916e+002,
  2.6375000e+004, -1.0677157e+002,
  2.6500000e+004, -1.0694208e+002,
  2.6625000e+004, -1.0744772e+002,
  2.6750000e+004, -1.0755943e+002,
  2.6875000e+004, -1.0717726e+002,
  2.7000000e+004, -1.0714786e+002,
  2.7125000e+004, -1.0695972e+002,
  2.7250000e+004, -1.0717138e+002,
  2.7375000e+004, -1.0737716e+002,
  2.7500000e+004, -1.0726545e+002,
  2.7625000e+004, -1.0727133e+002,
  2.7750000e+004, -1.0737716e+002,
  2.7875000e+004, -1.0725369e+002,
  2.8000000e+004, -1.0683625e+002,
  2.8125000e+004, -1.0684801e+002,
  2.8250000e+004, -1.0707143e+002,
  2.8375000e+004, -1.0738892e+002,
  2.8500000e+004, -1.0737128e+002,
  2.8625000e+004, -1.0712434e+002,
  2.8750000e+004, -1.0711258e+002,
  2.8875000e+004, -1.0702439e+002,
  2.9000000e+004, -1.0698912e+002,
  2.9125000e+004, -1.0716550e+002,
  2.9250000e+004, -1.0735364e+002,
  2.9375000e+004, -1.0761234e+002,
  2.9500000e+004, -1.0738892e+002,
  2.9625000e+004, -1.0708907e+002,
  2.9750000e+004, -1.0557216e+002,
  2.9875000e+004, -9.9827894e+001,
  3.0000000e+004, -9.7064533e+001,
  3.0125000e+004, -1.0003956e+002,
  3.0250000e+004, -1.0606604e+002,
  3.0375000e+004, -1.0780636e+002,
  3.0500000e+004, -1.0768877e+002,
  3.0625000e+004, -1.0762410e+002,
  3.0750000e+004, -1.0753591e+002,
  3.0875000e+004, -1.0733601e+002,
  3.1000000e+004, -1.0663047e+002,
  3.1125000e+004, -1.0326152e+002,
  3.1250000e+004, -9.9139994e+001,
  3.1375000e+004, -9.9804376e+001,
  3.1500000e+004, -1.0509592e+002,
  3.1625000e+004, -1.0767702e+002,
  3.1750000e+004, -1.0733013e+002,
  3.1875000e+004, -1.0695384e+002,
  3.2000000e+004, -1.0695972e+002,
  3.2125000e+004, -1.0738892e+002,
  3.2250000e+004, -1.0744772e+002,
  3.2375000e+004, -1.0710670e+002,
  3.2500000e+004, -1.0747123e+002,
  3.2625000e+004, -1.0735952e+002,
  3.2750000e+004, -1.0688328e+002,
  3.2875000e+004, -1.0680097e+002,
  3.3000000e+004, -1.0664223e+002,
  3.3125000e+004, -1.0693620e+002,
  3.3250000e+004, -1.0762410e+002,
  3.3375000e+004, -1.0747123e+002,
  3.3500000e+004, -1.0713022e+002,
  3.3625000e+004, -1.0725957e+002,
  3.3750000e+004, -1.0683625e+002,
  3.3875000e+004, -1.0616599e+002,
  3.4000000e+004, -1.0559568e+002,
  3.4125000e+004, -1.0654227e+002,
  3.4250000e+004, -1.0718314e+002,
  3.4375000e+004, -1.0754179e+002,
  3.4500000e+004, -1.0757118e+002,
  3.4625000e+004, -1.0735952e+002,
  3.4750000e+004, -1.0727721e+002,
  3.4875000e+004, -1.0721842e+002,
  3.5000000e+004, -1.0764174e+002,
  3.5125000e+004, -1.0797099e+002,
  3.5250000e+004, -1.0740656e+002,
  3.5375000e+004, -1.0704791e+002,
  3.5500000e+004, -1.0776521e+002,
  3.5625000e+004, -1.0782988e+002,
  3.5750000e+004, -1.0713610e+002,
  3.5875000e+004, -1.0700087e+002,
  3.6000000e+004, -1.0704203e+002,
  3.6125000e+004, -1.0725369e+002,
  3.6250000e+004, -1.0693620e+002,
  3.6375000e+004, -1.0681861e+002,
  3.6500000e+004, -1.0673630e+002,
  3.6625000e+004, -1.0649524e+002,
  3.6750000e+004, -1.0665398e+002,
  3.6875000e+004, -1.0740068e+002,
  3.7000000e+004, -1.0726545e+002,
  3.7125000e+004, -1.0723017e+002,
  3.7250000e+004, -1.0738304e+002,
  3.7375000e+004, -1.0762410e+002,
  3.7500000e+004, -1.0725957e+002,
  3.7625000e+004, -1.0675981e+002,
  3.7750000e+004, -1.0709495e+002,
  3.7875000e+004, -1.0727133e+002,
  3.8000000e+004, -1.0669514e+002,
  3.8125000e+004, -1.0660695e+002,
  3.8250000e+004, -1.0689504e+002,
  3.8375000e+004, -1.0688328e+002,
  3.8500000e+004, -1.0678921e+002,
  3.8625000e+004, -1.0688916e+002,
  3.8750000e+004, -1.0724193e+002,
  3.8875000e+004, -1.0747711e+002,
  3.9000000e+004, -1.0774757e+002,
  3.9125000e+004, -1.0773581e+002,
  3.9250000e+004, -1.0751827e+002,
  3.9375000e+004, -1.0741244e+002,
  3.9500000e+004, -1.0750063e+002,
  3.9625000e+004, -1.0715962e+002,
  3.9750000e+004, -1.0697736e+002,
  3.9875000e+004, -1.0697736e+002,
  4.0000000e+004, -1.0705379e+002,
  4.0125000e+004, -1.0701263e+002,
  4.0250000e+004, -1.0704203e+002,
  4.0375000e+004, -1.0718314e+002,
  4.0500000e+004, -1.0730661e+002,
  4.0625000e+004, -1.0762998e+002,
  4.0750000e+004, -1.0764174e+002,
  4.0875000e+004, -1.0774757e+002,
  4.1000000e+004, -1.0791220e+002,
  4.1125000e+004, -1.0775345e+002,
  4.1250000e+004, -1.0778285e+002,
  4.1375000e+004, -1.0748299e+002,
  4.1500000e+004, -1.0723017e+002,
  4.1625000e+004, -1.0677157e+002,
  4.1750000e+004, -1.0542517e+002,
  4.1875000e+004, -1.0076273e+002,
  4.2000000e+004, -9.8252190e+001,
  4.2125000e+004, -1.0101555e+002,
  4.2250000e+004, -1.0641292e+002,
  4.2375000e+004, -1.0758882e+002,
  4.2500000e+004, -1.0705967e+002,
  4.2625000e+004, -1.0687153e+002,
  4.2750000e+004, -1.0717138e+002,
  4.2875000e+004, -1.0753591e+002,
  4.3000000e+004, -1.0711258e+002,
  4.3125000e+004, -1.0683037e+002,
  4.3250000e+004, -1.0707143e+002,
  4.3375000e+004, -1.0682449e+002,
  4.3500000e+004, -1.0670102e+002,
  4.3625000e+004, -1.0699499e+002,
  4.3750000e+004, -1.0724193e+002,
  4.3875000e+004, -1.0662459e+002,
  4.4000000e+004, -1.0624242e+002,
  4.4125000e+004, -1.0648348e+002,
  4.4250000e+004, -1.0688328e+002,
  4.4375000e+004, -1.0731837e+002,
  4.4500000e+004, -1.0715962e+002,
  4.4625000e+004, -1.0692444e+002,
  4.4750000e+004, -1.0693620e+002,
  4.4875000e+004, -1.0719490e+002,
  4.5000000e+004, -1.0714786e+002,
  4.5125000e+004, -1.0713610e+002,
  4.5250000e+004, -1.0705379e+002,
  4.5375000e+004, -1.0683037e+002,
  4.5500000e+004, -1.0720078e+002,
  4.5625000e+004, -1.0712434e+002,
  4.5750000e+004, -1.0693032e+002,
  4.5875000e+004, -1.0668926e+002,
  4.6000000e+004, -1.0628946e+002,
  4.6125000e+004, -1.0664810e+002,
  4.6250000e+004, -1.0702439e+002,
  4.6375000e+004, -1.0737128e+002,
  4.6500000e+004, -1.0781812e+002,
  4.6625000e+004, -1.0779461e+002,
  4.6750000e+004, -1.0673042e+002,
  4.6875000e+004, -1.0503712e+002,
  4.7000000e+004, -1.0500185e+002,
  4.7125000e+004, -1.0664223e+002,
  4.7250000e+004, -1.0707143e+002,
  4.7375000e+004, -1.0709495e+002,
  4.7500000e+004, -1.0687740e+002,
  4.7625000e+004, -1.0690092e+002,
  4.7750000e+004, -1.0720666e+002,
  4.7875000e+004, -1.0721842e+002,
  4.8000000e+004, -1.0705967e+002,
  4.8125000e+004, -1.0724193e+002,
  4.8250000e+004, -1.0755943e+002,
  4.8375000e+004, -1.0780636e+002,
  4.8500000e+004, -1.0717138e+002,
  4.8625000e+004, -1.0707143e+002,
  4.8750000e+004, -1.0728309e+002,
  4.8875000e+004, -1.0755943e+002,
  4.9000000e+004, -1.0762410e+002,
  4.9125000e+004, -1.0736540e+002,
  4.9250000e+004, -1.0697736e+002,
  4.9375000e+004, -1.0673042e+002,
  4.9500000e+004, -1.0625418e+002,
  4.9625000e+004, -1.0614835e+002,
  4.9750000e+004, -1.0660695e+002,
  4.9875000e+004, -1.0691856e+002,
