  0.0000000e+000, -5.7225094e+001,
  2.5000000e+002, -6.0552887e+001,
  5.0000000e+002, -7.1077179e+001,
  7.5000000e+002, -8.4358950e+001,
  1.0000000e+003, -8.7092915e+001,
  1.2500000e+003, -8.9303602e+001,
  1.5000000e+003, -9.1390823e+001,
  1.7500000e+003, -9.3942522e+001,
  2.0000000e+003, -9.6012104e+001,
  2.2500000e+003, -9.6317837e+001,
  2.5000000e+003, -9.5300686e+001,
  2.7500000e+003, -9.3871969e+001,
  3.0000000e+003, -9.3395729e+001,
  3.2500000e+003, -9.3666185e+001,
  3.5000000e+003, -9.4236496e+001,
  3.7500000e+003, -9.5147818e+001,
  4.0000000e+003, -9.6447186e+001,
  4.2500000e+003, -9.7817108e+001,
  4.5000000e+003, -9.7881783e+001,
  4.7500000e+003, -9.6735281e+001,
  5.0000000e+003, -9.5236010e+001,
  5.2500000e+003, -9.4107147e+001,
  5.5000000e+003, -9.3419247e+001,
  5.7500000e+003, -9.4030714e+001,
  6.0000000e+003, -9.6035622e+001,
  6.2500000e+003, -9.7540771e+001,
  6.5000000e+003, -9.9586835e+001,
  6.7500000e+003, -1.0082153e+002,
  7.0000000e+003, -1.0052755e+002,
  7.2500000e+003, -1.0070982e+002,
  7.5000000e+003, -1.0119782e+002,
  7.7500000e+003, -1.0109198e+002,
  8.0000000e+003, -1.0150355e+002,
  8.2500000e+003, -1.0267357e+002,
  8.5000000e+003, -1.0378479e+002,
  8.7500000e+003, -1.0423163e+002,
  9.0000000e+003, -1.0375539e+002,
  9.2500000e+003, -1.0324976e+002,
  9.5000000e+003, -1.0292639e+002,
  9.7500000e+003, -1.0216205e+002,
  1.0000000e+004, -9.9739701e+001,
  1.0250000e+004, -1.0032177e+002,
  1.0500000e+004, -1.0365544e+002,
  1.0750000e+004, -1.0483134e+002,
  1.1000000e+004, -1.0448445e+002,
  1.1250000e+004, -7.1277081e+001,
  1.1500000e+004, -4.9634674e+001,
  1.1750000e+004, -3.8857559e+001,
  1.2000000e+004, -3.5512131e+001,
  1.2250000e+004, -3.8851685e+001,
  1.2500000e+004, -4.9617035e+001,
  1.2750000e+004, -7.1265320e+001,
  1.3000000e+004, -1.0413168e+002,
  1.3250000e+004, -1.0436098e+002,
  1.3500000e+004, -1.0433746e+002,
  1.3750000e+004, -1.0414932e+002,
  1.4000000e+004, -1.0443742e+002,
  1.4250000e+004, -1.0468435e+002,
  1.4500000e+004, -1.0470199e+002,
  1.4750000e+004, -1.0438450e+002,
  1.5000000e+004, -1.0290287e+002,
  1.5250000e+004, -9.1990530e+001,
  1.5500000e+004, -8.4752876e+001,
  1.5750000e+004, -8.4194324e+001,
  1.6000000e+004, -9.0291357e+001,
  1.6250000e+004, -1.0135656e+002,
  1.6500000e+004, -1.0447269e+002,
  1.6750000e+004, -1.0501949e+002,
  1.7000000e+004, -1.0432571e+002,
  1.7250000e+004, -1.0403761e+002,
  1.7500000e+004, -1.0456088e+002,
  1.7750000e+004, -1.0447857e+002,
  1.8000000e+004, -1.0419048e+002,
  1.8250000e+004, -1.0458440e+002,
  1.8500000e+004, -1.0464320e+002,
  1.8750000e+004, -1.0413168e+002,
  1.9000000e+004, -1.0286759e+002,
  1.9250000e+004, -1.0170345e+002,
  1.9500000e+004, -1.0315569e+002,
  1.9750000e+004, -1.0427867e+002,
  2.0000000e+004, -1.0389650e+002,
  2.0250000e+004, -1.0403761e+002,
  2.0500000e+004, -1.0448445e+002,
  2.0750000e+004, -1.0449033e+002,
  2.1000000e+004, -1.0439626e+002,
  2.1250000e+004, -1.0440214e+002,
  2.1500000e+004, -1.0424927e+002,
  2.1750000e+004, -1.0417872e+002,
  2.2000000e+004, -1.0487250e+002,
  2.2250000e+004, -1.0534874e+002,
  2.2500000e+004, -1.0513708e+002,
  2.2750000e+004, -1.0471375e+002,
  2.3000000e+004, -1.0420224e+002,
  2.3250000e+004, -1.0426691e+002,
  2.3500000e+004, -1.0444917e+002,
  2.3750000e+004, -1.0413168e+002,
  2.4000000e+004, -1.0337323e+002,
  2.4250000e+004, -1.0337323e+002,
  2.4500000e+004, -1.0388474e+002,
  2.4750000e+004, -1.0420224e+002,
  2.5000000e+004, -1.0427867e+002,
  2.5250000e+004, -1.0442566e+002,
  2.5500000e+004, -1.0464320e+002,
  2.5750000e+004, -1.0497833e+002,
  2.6000000e+004, -1.0501361e+002,
  2.6250000e+004, -1.0490777e+002,
  2.6500000e+004, -1.0511944e+002,
  2.6750000e+004, -1.0503124e+002,
  2.7000000e+004, -1.0442566e+002,
  2.7250000e+004, -1.0445505e+002,
  2.7500000e+004, -1.0471375e+002,
  2.7750000e+004, -1.0437862e+002,
  2.8000000e+004, -1.0394354e+002,
  2.8250000e+004, -1.0437862e+002,
  2.8500000e+004, -1.0490190e+002,
  2.8750000e+004, -1.0449621e+002,
  2.9000000e+004, -1.0440214e+002,
  2.9250000e+004, -1.0500773e+002,
  2.9500000e+004, -1.0533698e+002,
  2.9750000e+004, -1.0462556e+002,
  3.0000000e+004, -1.0446681e+002,
  3.0250000e+004, -1.0449033e+002,
  3.0500000e+004, -1.0453149e+002,
  3.0750000e+004, -1.0419048e+002,
  3.1000000e+004, -1.0125073e+002,
  3.1250000e+004, -9.8287466e+001,
  3.1500000e+004, -1.0000428e+002,
  3.1750000e+004, -1.0382007e+002,
  3.2000000e+004, -1.0372600e+002,
  3.2250000e+004, -1.0402585e+002,
  3.2500000e+004, -1.0455501e+002,
  3.2750000e+004, -1.0479018e+002,
  3.3000000e+004, -1.0502536e+002,
  3.3250000e+004, -1.0417284e+002,
  3.3500000e+004, -1.0370248e+002,
  3.3750000e+004, -1.0414932e+002,
  3.4000000e+004, -1.0507828e+002,
  3.4250000e+004, -1.0494305e+002,
  3.4500000e+004, -1.0449621e+002,
  3.4750000e+004, -1.0451385e+002,
  3.5000000e+004, -1.0400233e+002,
  3.5250000e+004, -1.0424927e+002,
  3.5500000e+004, -1.0377303e+002,
  3.5750000e+004, -9.8552044e+001,
  3.6000000e+004, -9.5618177e+001,
  3.6250000e+004, -9.8316864e+001,
  3.6500000e+004, -1.0349082e+002,
  3.6750000e+004, -1.0401997e+002,
  3.7000000e+004, -1.0389062e+002,
  3.7250000e+004, -1.0444917e+002,
  3.7500000e+004, -1.0437862e+002,
  3.7750000e+004, -1.0446681e+002,
  3.8000000e+004, -1.0469611e+002,
  3.8250000e+004, -1.0458440e+002,
  3.8500000e+004, -1.0471963e+002,
  3.8750000e+004, -1.0465496e+002,
  3.9000000e+004, -1.0435510e+002,
  3.9250000e+004, -1.0459028e+002,
  3.9500000e+004, -1.0439038e+002,
  3.9750000e+004, -1.0430219e+002,
  4.0000000e+004, -1.0431395e+002,
  4.0250000e+004, -1.0444330e+002,
  4.0500000e+004, -1.0459616e+002,
  4.0750000e+004, -1.0441390e+002,
  4.1000000e+004, -1.0473727e+002,
  4.1250000e+004, -1.0476667e+002,
  4.1500000e+004, -1.0420224e+002,
  4.1750000e+004, -1.0429631e+002,
  4.2000000e+004, -1.0432571e+002,
  4.2250000e+004, -1.0395530e+002,
  4.2500000e+004, -1.0409641e+002,
  4.2750000e+004, -1.0448445e+002,
  4.3000000e+004, -1.0461380e+002,
  4.3250000e+004, -1.0439038e+002,
  4.3500000e+004, -1.0423163e+002,
  4.3750000e+004, -1.0445505e+002,
  4.4000000e+004, -1.0453737e+002,
  4.4250000e+004, -1.0440802e+002,
  4.4500000e+004, -1.0449621e+002,
  4.4750000e+004, -1.0471375e+002,
  4.5000000e+004, -1.0523703e+002,
  4.5250000e+004, -1.0526642e+002,
  4.5500000e+004, -1.0476079e+002,
  4.5750000e+004, -1.0430807e+002,
  4.6000000e+004, -1.0410816e+002,
  4.6250000e+004, -1.0417872e+002,
  4.6500000e+004, -1.0436686e+002,
  4.6750000e+004, -1.0343202e+002,
  4.7000000e+004, -1.0310277e+002,
  4.7250000e+004, -1.0407877e+002,
  4.7500000e+004, -1.0423163e+002,
  4.7750000e+004, -1.0419048e+002,
  4.8000000e+004, -1.0369660e+002,
  4.8250000e+004, -1.0368484e+002,
  4.8500000e+004, -1.0408465e+002,
  4.8750000e+004, -1.0449621e+002,
  4.9000000e+004, -1.0447269e+002,
  4.9250000e+004, -1.0415520e+002,
  4.9500000e+004, -1.0401997e+002,
  4.9750000e+004, -1.0427279e+002,
  5.0000000e+004, -1.0427279e+002,
  5.0250000e+004, -1.0380243e+002,
  5.0500000e+004, -1.0384947e+002,
  5.0750000e+004, -1.0428455e+002,
  5.1000000e+004, -1.0461968e+002,
  5.1250000e+004, -1.0452561e+002,
  5.1500000e+004, -1.0403761e+002,
  5.1750000e+004, -1.0364956e+002,
  5.2000000e+004, -1.0330267e+002,
  5.2250000e+004, -1.0335559e+002,
  5.2500000e+004, -1.0345554e+002,
  5.2750000e+004, -1.0380831e+002,
  5.3000000e+004, -1.0376715e+002,
  5.3250000e+004, -1.0375539e+002,
  5.3500000e+004, -1.0438450e+002,
  5.3750000e+004, -1.0424339e+002,
  5.4000000e+004, -1.0412580e+002,
  5.4250000e+004, -1.0397294e+002,
  5.4500000e+004, -1.0394354e+002,
  5.4750000e+004, -1.0417872e+002,
  5.5000000e+004, -1.0442566e+002,
  5.5250000e+004, -1.0393766e+002,
  5.5500000e+004, -1.0306161e+002,
  5.5750000e+004, -1.0274412e+002,
  5.6000000e+004, -1.0276176e+002,
  5.6250000e+004, -1.0341438e+002,
  5.6500000e+004, -1.0394354e+002,
  5.6750000e+004, -1.0416696e+002,
  5.7000000e+004, -1.0423751e+002,
  5.7250000e+004, -1.0361429e+002,
  5.7500000e+004, -1.0378479e+002,
  5.7750000e+004, -1.0426103e+002,
  5.8000000e+004, -1.0434922e+002,
  5.8250000e+004, -1.0412580e+002,
  5.8500000e+004, -1.0389062e+002,
  5.8750000e+004, -1.0399057e+002,
  5.9000000e+004, -1.0410228e+002,
  5.9250000e+004, -1.0427867e+002,
  5.9500000e+004, -1.0366132e+002,
  5.9750000e+004, -9.9733822e+001,
  6.0000000e+004, -9.7299713e+001,
  6.0250000e+004, -9.9904327e+001,
  6.0500000e+004, -1.0382595e+002,
  6.0750000e+004, -1.0403173e+002,
  6.1000000e+004, -1.0400821e+002,
  6.1250000e+004, -1.0436686e+002,
  6.1500000e+004, -1.0432571e+002,
  6.1750000e+004, -1.0403761e+002,
  6.2000000e+004, -1.0434334e+002,
  6.2250000e+004, -1.0464908e+002,
  6.2500000e+004, -1.0415520e+002,
  6.2750000e+004, -1.0344378e+002,
  6.3000000e+004, -1.0326740e+002,
  6.3250000e+004, -1.0318508e+002,
  6.3500000e+004, -1.0356137e+002,
  6.3750000e+004, -1.0300870e+002,
  6.4000000e+004, -1.0256774e+002,
  6.4250000e+004, -1.0318508e+002,
  6.4500000e+004, -1.0359077e+002,
  6.4750000e+004, -1.0371424e+002,
  6.5000000e+004, -1.0366720e+002,
  6.5250000e+004, -1.0397294e+002,
  6.5500000e+004, -1.0464320e+002,
  6.5750000e+004, -1.0454325e+002,
  6.6000000e+004, -1.0430807e+002,
  6.6250000e+004, -1.0389062e+002,
  6.6500000e+004, -1.0366132e+002,
  6.6750000e+004, -1.0373188e+002,
  6.7000000e+004, -1.0387886e+002,
  6.7250000e+004, -1.0382595e+002,
  6.7500000e+004, -1.0362605e+002,
  6.7750000e+004, -1.0341438e+002,
  6.8000000e+004, -1.0352609e+002,
  6.8250000e+004, -1.0363780e+002,
  6.8500000e+004, -1.0348494e+002,
  6.8750000e+004, -1.0381419e+002,
  6.9000000e+004, -1.0408465e+002,
  6.9250000e+004, -1.0397882e+002,
  6.9500000e+004, -1.0393766e+002,
  6.9750000e+004, -1.0421399e+002,
  7.0000000e+004, -1.0449621e+002,
  7.0250000e+004, -1.0447269e+002,
  7.0500000e+004, -1.0419048e+002,
  7.0750000e+004, -1.0387886e+002,
  7.1000000e+004, -1.0405525e+002,
  7.1250000e+004, -1.0404349e+002,
  7.1500000e+004, -1.0352609e+002,
  7.1750000e+004, -1.0293814e+002,
  7.2000000e+004, -1.0259713e+002,
  7.2250000e+004, -1.0306161e+002,
  7.2500000e+004, -1.0370836e+002,
  7.2750000e+004, -1.0401409e+002,
  7.3000000e+004, -1.0417284e+002,
  7.3250000e+004, -1.0413756e+002,
  7.3500000e+004, -1.0434922e+002,
  7.3750000e+004, -1.0416108e+002,
  7.4000000e+004, -1.0386710e+002,
  7.4250000e+004, -1.0394354e+002,
  7.4500000e+004, -1.0400233e+002,
  7.4750000e+004, -1.0419636e+002,
  7.5000000e+004, -1.0405525e+002,
  7.5250000e+004, -1.0359665e+002,
  7.5500000e+004, -1.0378479e+002,
  7.5750000e+004, -1.0382595e+002,
  7.6000000e+004, -1.0337323e+002,
  7.6250000e+004, -1.0317920e+002,
  7.6500000e+004, -1.0326152e+002,
  7.6750000e+004, -1.0356725e+002,
  7.7000000e+004, -1.0390238e+002,
  7.7250000e+004, -1.0346730e+002,
  7.7500000e+004, -1.0323212e+002,
  7.7750000e+004, -1.0363780e+002,
  7.8000000e+004, -1.0387886e+002,
  7.8250000e+004, -1.0379655e+002,
  7.8500000e+004, -1.0390826e+002,
  7.8750000e+004, -1.0380243e+002,
  7.9000000e+004, -1.0342614e+002,
  7.9250000e+004, -1.0360253e+002,
  7.9500000e+004, -1.0397294e+002,
  7.9750000e+004, -1.0329091e+002,
  8.0000000e+004, -1.0285583e+002,
  8.0250000e+004, -1.0338499e+002,
  8.0500000e+004, -1.0383771e+002,
  8.0750000e+004, -1.0413756e+002,
  8.1000000e+004, -1.0378479e+002,
  8.1250000e+004, -1.0358489e+002,
  8.1500000e+004, -1.0378479e+002,
  8.1750000e+004, -1.0366132e+002,
  8.2000000e+004, -1.0354961e+002,
  8.2250000e+004, -1.0369660e+002,
  8.2500000e+004, -1.0389062e+002,
  8.2750000e+004, -1.0382595e+002,
  8.3000000e+004, -1.0376127e+002,
  8.3250000e+004, -1.0370248e+002,
  8.3500000e+004, -1.0393178e+002,
  8.3750000e+004, -1.0255010e+002,
  8.4000000e+004, -1.0115666e+002,
  8.4250000e+004, -1.0231492e+002,
  8.4500000e+004, -1.0371424e+002,
  8.4750000e+004, -1.0407289e+002,
  8.5000000e+004, -1.0409641e+002,
  8.5250000e+004, -1.0409053e+002,
  8.5500000e+004, -1.0380243e+002,
  8.5750000e+004, -1.0393178e+002,
  8.6000000e+004, -1.0421399e+002,
  8.6250000e+004, -1.0434334e+002,
  8.6500000e+004, -1.0440214e+002,
  8.6750000e+004, -1.0455501e+002,
  8.7000000e+004, -1.0433746e+002,
  8.7250000e+004, -1.0401409e+002,
  8.7500000e+004, -1.0353785e+002,
  8.7750000e+004, -1.0318508e+002,
  8.8000000e+004, -1.0273236e+002,
  8.8250000e+004, -1.0290875e+002,
  8.8500000e+004, -1.0334383e+002,
  8.8750000e+004, -1.0362017e+002,
  8.9000000e+004, -1.0376715e+002,
  8.9250000e+004, -1.0393178e+002,
  8.9500000e+004, -1.0421399e+002,
  8.9750000e+004, -1.0409053e+002,
  9.0000000e+004, -1.0394354e+002,
  9.0250000e+004, -1.0389650e+002,
  9.0500000e+004, -1.0373776e+002,
  9.0750000e+004, -1.0351434e+002,
  9.1000000e+004, -1.0413756e+002,
  9.1250000e+004, -1.0439626e+002,
  9.1500000e+004, -1.0424339e+002,
  9.1750000e+004, -1.0397294e+002,
  9.2000000e+004, -1.0399645e+002,
  9.2250000e+004, -1.0397294e+002,
  9.2500000e+004, -1.0379067e+002,
  9.2750000e+004, -1.0382007e+002,
  9.3000000e+004, -1.0367308e+002,
  9.3250000e+004, -1.0358489e+002,
  9.3500000e+004, -1.0367896e+002,
  9.3750000e+004, -1.0372012e+002,
  9.4000000e+004, -1.0399645e+002,
  9.4250000e+004, -1.0386123e+002,
  9.4500000e+004, -1.0354373e+002,
  9.4750000e+004, -1.0307925e+002,
  9.5000000e+004, -1.0289111e+002,
  9.5250000e+004, -1.0276764e+002,
  9.5500000e+004, -1.0270297e+002,
  9.5750000e+004, -1.0240311e+002,
  9.6000000e+004, -1.0186220e+002,
  9.6250000e+004, -1.0263241e+002,
  9.6500000e+004, -1.0325564e+002,
  9.6750000e+004, -1.0342614e+002,
  9.7000000e+004, -1.0360253e+002,
  9.7250000e+004, -1.0383771e+002,
  9.7500000e+004, -1.0377891e+002,
  9.7750000e+004, -1.0371424e+002,
  9.8000000e+004, -1.0346730e+002,
  9.8250000e+004, -1.0335559e+002,
  9.8500000e+004, -1.0326740e+002,
  9.8750000e+004, -1.0275588e+002,
  9.9000000e+004, -1.0256774e+002,
  9.9250000e+004, -1.0287347e+002,
  9.9500000e+004, -1.0333795e+002,
  9.9750000e+004, -1.0314393e+002,
