  0.0000000e+000, -6.3980633e+001,
  6.2500000e+001, -4.5013390e+001,
  1.2500000e+002, -4.4419563e+001,
  1.8750000e+002, -4.2355858e+001,
  2.5000000e+002, -4.4607704e+001,
  3.1250000e+002, -4.2591042e+001,
  3.7500000e+002, -4.2532242e+001,
  4.3750000e+002, -4.3378891e+001,
  5.0000000e+002, -4.2520485e+001,
  5.6250000e+002, -4.5130981e+001,
  6.2500000e+002, -4.2238266e+001,
  6.8750000e+002, -4.1950172e+001,
  7.5000000e+002, -4.1938416e+001,
  8.1250000e+002, -4.3678741e+001,
  8.7500000e+002, -4.3931564e+001,
  9.3750000e+002, -4.2097160e+001,
  1.0000000e+003, -4.1615044e+001,
  1.0625000e+003, -4.4249054e+001,
  1.1250000e+003, -4.2073647e+001,
  1.1875000e+003, -4.2685112e+001,
  1.2500000e+003, -4.2679230e+001,
  1.3125000e+003, -4.2314705e+001,
  1.3750000e+003, -4.3714020e+001,
  1.4375000e+003, -4.1144684e+001,
  1.5000000e+003, -4.1468056e+001,
  1.5625000e+003, -4.2837975e+001,
  1.6250000e+003, -4.2120682e+001,
  1.6875000e+003, -4.2050125e+001,
  1.7500000e+003, -4.3567032e+001,
  1.8125000e+003, -4.1509209e+001,
  1.8750000e+003, -4.1609161e+001,
  1.9375000e+003, -4.1879623e+001,
  2.0000000e+003, -4.1080009e+001,
  2.0625000e+003, -4.3714020e+001,
  2.1250000e+003, -4.0668442e+001,
  2.1875000e+003, -4.1468056e+001,
  2.2500000e+003, -4.2720390e+001,
  2.3125000e+003, -4.2279427e+001,
  2.3750000e+003, -4.0303917e+001,
  2.4375000e+003, -4.1103531e+001,
  2.5000000e+003, -4.1197601e+001,
  2.5625000e+003, -4.2591042e+001,
  2.6250000e+003, -3.9974663e+001,
  2.6875000e+003, -4.0539093e+001,
  2.7500000e+003, -4.0086372e+001,
  2.8125000e+003, -4.0162811e+001,
  2.8750000e+003, -4.2044243e+001,
  2.9375000e+003, -4.0339195e+001,
  3.0000000e+003, -4.1703232e+001,
  3.0625000e+003, -4.2244148e+001,
  3.1250000e+003, -4.0080498e+001,
  3.1875000e+003, -4.1750275e+001,
  3.2500000e+003, -4.2120682e+001,
  3.3125000e+003, -3.9598381e+001,
  3.3750000e+003, -3.9721848e+001,
  3.4375000e+003, -4.0051102e+001,
  3.5000000e+003, -3.8804649e+001,
  3.5625000e+003, -3.8140266e+001,
  3.6250000e+003, -3.9310280e+001,
  3.6875000e+003, -4.0098137e+001,
  3.7500000e+003, -3.8663536e+001,
  3.8125000e+003, -3.7528793e+001,
  3.8750000e+003, -3.7711060e+001,
  3.9375000e+003, -3.9610138e+001,
  4.0000000e+003, -3.8886955e+001,
  4.0625000e+003, -3.7658142e+001,
  4.1250000e+003, -3.7746338e+001,
  4.1875000e+003, -3.9545464e+001,
  4.2500000e+003, -3.6629234e+001,
  4.3125000e+003, -3.6088318e+001,
  4.3750000e+003, -3.6887932e+001,
  4.4375000e+003, -3.5635597e+001,
  4.5000000e+003, -3.8445999e+001,
  4.5625000e+003, -3.4524376e+001,
  4.6250000e+003, -3.6382294e+001,
  4.6875000e+003, -3.5518013e+001,
  4.7500000e+003, -3.5682632e+001,
  4.8125000e+003, -3.5276947e+001,
  4.8750000e+003, -3.6793861e+001,
  4.9375000e+003, -3.2954552e+001,
  5.0000000e+003, -3.5347504e+001,
  5.0625000e+003, -3.2913399e+001,
  5.1250000e+003, -3.2848724e+001,
  5.1875000e+003, -3.5882538e+001,
  5.2500000e+003, -3.4083412e+001,
  5.3125000e+003, -3.4659607e+001,
  5.3750000e+003, -3.3965820e+001,
  5.4375000e+003, -3.4524376e+001,
  5.5000000e+003, -3.2102028e+001,
  5.5625000e+003, -3.3125053e+001,
  5.6250000e+003, -3.2143181e+001,
  5.6875000e+003, -3.3330841e+001,
  5.7500000e+003, -3.0984924e+001,
  5.8125000e+003, -3.0108879e+001,
  5.8750000e+003, -3.1555229e+001,
  5.9375000e+003, -3.1890366e+001,
  6.0000000e+003, -3.3195610e+001,
  6.0625000e+003, -3.2337204e+001,
  6.1250000e+003, -3.5059410e+001,
  6.1875000e+003, -3.4894783e+001,
  6.2500000e+003, -3.6176514e+001,
  6.3125000e+003, -3.1949158e+001,
  6.3750000e+003, -3.2460670e+001,
  6.4375000e+003, -3.1478798e+001,
  6.5000000e+003, -3.4042259e+001,
  6.5625000e+003, -3.3936424e+001,
  6.6250000e+003, -3.5365143e+001,
  6.6875000e+003, -3.6129478e+001,
  6.7500000e+003, -3.5388664e+001,
  6.8125000e+003, -3.6693909e+001,
  6.8750000e+003, -3.4906540e+001,
  6.9375000e+003, -3.6006004e+001,
  7.0000000e+003, -3.6923210e+001,
  7.0625000e+003, -3.7993279e+001,
  7.1250000e+003, -3.6546921e+001,
  7.1875000e+003, -3.8363686e+001,
  7.2500000e+003, -3.7881569e+001,
  7.3125000e+003, -3.7664024e+001,
  7.3750000e+003, -3.7470001e+001,
  7.4375000e+003, -3.9169174e+001,
  7.5000000e+003, -3.7687546e+001,
  7.5625000e+003, -3.9398476e+001,
  7.6250000e+003, -3.9122139e+001,
  7.6875000e+003, -3.9616013e+001,
  7.7500000e+003, -3.9192696e+001,
  7.8125000e+003, -4.0844833e+001,
  7.8750000e+003, -3.9586617e+001,
  7.9375000e+003, -4.0550858e+001,
  8.0000000e+003, -4.0539093e+001,
  8.0625000e+003, -4.1979568e+001,
  8.1250000e+003, -3.9880592e+001,
  8.1875000e+003, -4.2714508e+001,
  8.2500000e+003, -4.1838463e+001,
  8.3125000e+003, -4.2279427e+001,
  8.3750000e+003, -4.2467567e+001,
  8.4375000e+003, -4.2885010e+001,
  8.5000000e+003, -4.2932053e+001,
  8.5625000e+003, -4.3984482e+001,
  8.6250000e+003, -4.3267181e+001,
  8.6875000e+003, -4.2755661e+001,
  8.7500000e+003, -4.3331856e+001,
  8.8125000e+003, -4.4349007e+001,
  8.8750000e+003, -4.4495995e+001,
  8.9375000e+003, -4.5501389e+001,
  9.0000000e+003, -4.5666016e+001,
  9.0625000e+003, -4.5501389e+001,
  9.1250000e+003, -4.5272087e+001,
  9.1875000e+003, -4.4572426e+001,
  9.2500000e+003, -4.5807121e+001,
  9.3125000e+003, -4.5242691e+001,
  9.3750000e+003, -4.4507751e+001,
  9.4375000e+003, -4.6383308e+001,
  9.5000000e+003, -4.6171646e+001,
  9.5625000e+003, -4.5295609e+001,
  9.6250000e+003, -4.6783119e+001,
  9.6875000e+003, -4.7271118e+001,
  9.7500000e+003, -4.7970772e+001,
  9.8125000e+003, -4.7982536e+001,
  9.8750000e+003, -4.8076607e+001,
  9.9375000e+003, -4.7559212e+001,
  1.0000000e+004, -4.5630737e+001,
  1.0062500e+004, -4.7976654e+001,
  1.0125000e+004, -4.7859062e+001,
  1.0187500e+004, -4.9793419e+001,
  1.0250000e+004, -4.6794876e+001,
  1.0312500e+004, -4.8893852e+001,
  1.0375000e+004, -4.8470528e+001,
  1.0437500e+004, -4.8682190e+001,
  1.0500000e+004, -4.8452896e+001,
  1.0562500e+004, -4.8964409e+001,
  1.0625000e+004, -4.8294144e+001,
  1.0687500e+004, -4.9452408e+001,
  1.0750000e+004, -4.9799294e+001,
  1.0812500e+004, -4.8746864e+001,
  1.0875000e+004, -4.8835060e+001,
  1.0937500e+004, -5.0751774e+001,
  1.1000000e+004, -4.9893372e+001,
  1.1062500e+004, -5.0010956e+001,
  1.1125000e+004, -5.0681221e+001,
  1.1187500e+004, -5.0022720e+001,
  1.1250000e+004, -4.9505318e+001,
  1.1312500e+004, -5.0451920e+001,
  1.1375000e+004, -5.0922279e+001,
  1.1437500e+004, -5.0951675e+001,
  1.1500000e+004, -5.1139820e+001,
  1.1562500e+004, -5.1845360e+001,
  1.1625000e+004, -5.0287292e+001,
  1.1687500e+004, -5.2927185e+001,
  1.1750000e+004, -5.2109936e+001,
  1.1812500e+004, -5.1998226e+001,
  1.1875000e+004, -4.9811058e+001,
  1.1937500e+004, -5.1439674e+001,
  1.2000000e+004, -5.1533745e+001,
  1.2062500e+004, -5.2268684e+001,
  1.2125000e+004, -5.4420578e+001,
  1.2187500e+004, -5.2921307e+001,
  1.2250000e+004, -5.3944340e+001,
  1.2312500e+004, -5.2815475e+001,
  1.2375000e+004, -5.3626846e+001,
  1.2437500e+004, -5.4020771e+001,
  1.2500000e+004, -5.5402451e+001,
  1.2562500e+004, -5.3415184e+001,
  1.2625000e+004, -5.3297592e+001,
  1.2687500e+004, -5.4026649e+001,
  1.2750000e+004, -5.3703278e+001,
  1.2812500e+004, -5.3609207e+001,
  1.2875000e+004, -5.5896328e+001,
  1.2937500e+004, -5.3709160e+001,
  1.3000000e+004, -5.4155998e+001,
  1.3062500e+004, -5.3309353e+001,
  1.3125000e+004, -5.2697887e+001,
  1.3187500e+004, -5.4579323e+001,
  1.3250000e+004, -5.4673393e+001,
  1.3312500e+004, -5.5637630e+001,
  1.3375000e+004, -5.3697399e+001,
  1.3437500e+004, -5.4861538e+001,
  1.3500000e+004, -5.4914455e+001,
  1.3562500e+004, -5.3997253e+001,
  1.3625000e+004, -5.5237827e+001,
  1.3687500e+004, -5.4549927e+001,
  1.3750000e+004, -5.4103085e+001,
  1.3812500e+004, -5.4544044e+001,
  1.3875000e+004, -5.5825775e+001,
  1.3937500e+004, -5.5467125e+001,
  1.4000000e+004, -5.5925728e+001,
  1.4062500e+004, -5.5514164e+001,
  1.4125000e+004, -5.4755707e+001,
  1.4187500e+004, -5.4949730e+001,
  1.4250000e+004, -5.5884571e+001,
  1.4312500e+004, -5.6137390e+001,
  1.4375000e+004, -5.5702305e+001,
  1.4437500e+004, -5.5955124e+001,
  1.4500000e+004, -5.6107990e+001,
  1.4562500e+004, -5.5220188e+001,
  1.4625000e+004, -5.6790012e+001,
  1.4687500e+004, -5.6113869e+001,
  1.4750000e+004, -5.5184910e+001,
  1.4812500e+004, -5.7865959e+001,
  1.4875000e+004, -5.6737095e+001,
  1.4937500e+004, -5.7389721e+001,
  1.5000000e+004, -5.4973248e+001,
  1.5062500e+004, -5.6778252e+001,
  1.5125000e+004, -5.8236366e+001,
  1.5187500e+004, -5.7524948e+001,
  1.5250000e+004, -5.8465668e+001,
  1.5312500e+004, -5.7377960e+001,
  1.5375000e+004, -5.6995796e+001,
  1.5437500e+004, -5.6678303e+001,
  1.5500000e+004, -5.6155025e+001,
  1.5562500e+004, -5.7019314e+001,
  1.5625000e+004, -5.7266251e+001,
  1.5687500e+004, -5.6766495e+001,
  1.5750000e+004, -5.6848808e+001,
  1.5812500e+004, -5.7342686e+001,
  1.5875000e+004, -5.7865959e+001,
  1.5937500e+004, -5.7924755e+001,
  1.6000000e+004, -5.9112411e+001,
  1.6062500e+004, -5.9406387e+001,
  1.6125000e+004, -5.8142296e+001,
  1.6187500e+004, -5.8430389e+001,
  1.6250000e+004, -5.8330441e+001,
  1.6312500e+004, -5.7807163e+001,
  1.6375000e+004, -5.8489185e+001,
  1.6437500e+004, -5.8712605e+001,
  1.6500000e+004, -5.9024220e+001,
  1.6562500e+004, -5.8453907e+001,
  1.6625000e+004, -5.8724365e+001,
  1.6687500e+004, -5.8048222e+001,
  1.6750000e+004, -5.9030098e+001,
  1.6812500e+004, -6.0588165e+001,
  1.6875000e+004, -5.7724850e+001,
  1.6937500e+004, -6.0305950e+001,
  1.7000000e+004, -5.8636173e+001,
  1.7062500e+004, -6.0129562e+001,
  1.7125000e+004, -5.8577377e+001,
  1.7187500e+004, -5.9682724e+001,
  1.7250000e+004, -5.8583256e+001,
  1.7312500e+004, -6.0017853e+001,
  1.7375000e+004, -5.9500458e+001,
  1.7437500e+004, -6.1199631e+001,
  1.7500000e+004, -5.8965424e+001,
  1.7562500e+004, -6.1387775e+001,
  1.7625000e+004, -5.9353470e+001,
  1.7687500e+004, -5.8918388e+001,
  1.7750000e+004, -5.9788551e+001,
  1.7812500e+004, -6.0253033e+001,
  1.7875000e+004, -5.9823830e+001,
  1.7937500e+004, -6.0958572e+001,
  1.8000000e+004, -6.1652351e+001,
  1.8062500e+004, -6.0793945e+001,
  1.8125000e+004, -6.0682236e+001,
  1.8187500e+004, -6.1758183e+001,
  1.8250000e+004, -6.1881653e+001,
  1.8312500e+004, -6.2663624e+001,
  1.8375000e+004, -6.2093315e+001,
  1.8437500e+004, -6.0564648e+001,
  1.8500000e+004, -6.0917416e+001,
  1.8562500e+004, -5.9735638e+001,
  1.8625000e+004, -6.0006096e+001,
  1.8687500e+004, -5.9723877e+001,
  1.8750000e+004, -6.3569065e+001,
  1.8812500e+004, -6.1969845e+001,
  1.8875000e+004, -6.2252060e+001,
  1.8937500e+004, -6.1340740e+001,
  1.9000000e+004, -6.1423054e+001,
  1.9062500e+004, -6.1276066e+001,
  1.9125000e+004, -6.1264305e+001,
  1.9187500e+004, -5.9988457e+001,
  1.9250000e+004, -6.1146717e+001,
  1.9312500e+004, -6.1864014e+001,
  1.9375000e+004, -6.1187874e+001,
  1.9437500e+004, -6.1875774e+001,
  1.9500000e+004, -6.1352497e+001,
  1.9562500e+004, -6.2787094e+001,
  1.9625000e+004, -6.2457844e+001,
  1.9687500e+004, -6.3016396e+001,
  1.9750000e+004, -6.2328495e+001,
  1.9812500e+004, -6.2740059e+001,
  1.9875000e+004, -6.1328979e+001,
  1.9937500e+004, -6.0788067e+001,
  2.0000000e+004, -6.2187386e+001,
  2.0062500e+004, -6.0982090e+001,
  2.0125000e+004, -6.3657257e+001,
  2.0187500e+004, -6.2593071e+001,
  2.0250000e+004, -6.2622467e+001,
  2.0312500e+004, -6.1963966e+001,
  2.0375000e+004, -6.2446083e+001,
  2.0437500e+004, -6.1634712e+001,
  2.0500000e+004, -6.3892437e+001,
  2.0562500e+004, -6.2128590e+001,
  2.0625000e+004, -6.2792973e+001,
  2.0687500e+004, -6.1846375e+001,
  2.0750000e+004, -6.2446083e+001,
  2.0812500e+004, -6.3757210e+001,
  2.0875000e+004, -6.3757210e+001,
  2.0937500e+004, -6.2757698e+001,
  2.1000000e+004, -6.3275093e+001,
  2.1062500e+004, -6.4109982e+001,
  2.1125000e+004, -6.2998756e+001,
  2.1187500e+004, -6.2593071e+001,
  2.1250000e+004, -6.2716541e+001,
  2.1312500e+004, -6.3933594e+001,
  2.1375000e+004, -6.3804245e+001,
  2.1437500e+004, -6.2516636e+001,
  2.1500000e+004, -6.3469116e+001,
  2.1562500e+004, -6.4004150e+001,
  2.1625000e+004, -6.3357407e+001,
  2.1687500e+004, -6.3639622e+001,
  2.1750000e+004, -6.4692051e+001,
  2.1812500e+004, -6.4474506e+001,
  2.1875000e+004, -6.3880680e+001,
  2.1937500e+004, -6.4880192e+001,
  2.2000000e+004, -6.4233448e+001,
  2.2062500e+004, -6.3774849e+001,
  2.2125000e+004, -6.5009541e+001,
  2.2187500e+004, -6.3557308e+001,
  2.2250000e+004, -6.3957111e+001,
  2.2312500e+004, -6.4245209e+001,
  2.2375000e+004, -6.3181019e+001,
  2.2437500e+004, -6.5232964e+001,
  2.2500000e+004, -6.4574459e+001,
  2.2562500e+004, -6.4051186e+001,
  2.2625000e+004, -6.4051186e+001,
  2.2687500e+004, -6.4586220e+001,
  2.2750000e+004, -6.5809155e+001,
  2.2812500e+004, -6.4697929e+001,
  2.2875000e+004, -6.4609737e+001,
  2.2937500e+004, -6.5532818e+001,
  2.3000000e+004, -6.4309883e+001,
  2.3062500e+004, -6.5262360e+001,
  2.3125000e+004, -6.4304005e+001,
  2.3187500e+004, -6.5215324e+001,
  2.3250000e+004, -6.5615131e+001,
  2.3312500e+004, -6.6197201e+001,
  2.3375000e+004, -6.5080097e+001,
  2.3437500e+004, -6.5621010e+001,
  2.3500000e+004, -6.4186413e+001,
  2.3562500e+004, -6.5027180e+001,
  2.3625000e+004, -6.5844429e+001,
  2.3687500e+004, -6.6473534e+001,
  2.3750000e+004, -6.5562214e+001,
  2.3812500e+004, -6.6303032e+001,
  2.3875000e+004, -6.5109493e+001,
  2.3937500e+004, -6.6208958e+001,
  2.4000000e+004, -6.5127132e+001,
  2.4062500e+004, -6.5162407e+001,
  2.4125000e+004, -6.6473534e+001,
  2.4187500e+004, -6.5709202e+001,
  2.4250000e+004, -6.5932621e+001,
  2.4312500e+004, -6.5327034e+001,
  2.4375000e+004, -6.5756237e+001,
  2.4437500e+004, -6.7496567e+001,
  2.4500000e+004, -6.6303032e+001,
  2.4562500e+004, -6.6914497e+001,
  2.4625000e+004, -6.6150162e+001,
  2.4687500e+004, -6.6355946e+001,
  2.4750000e+004, -6.7767025e+001,
  2.4812500e+004, -6.6232475e+001,
  2.4875000e+004, -6.7414253e+001,
  2.4937500e+004, -6.7808182e+001,
