  0.0000000e+000, -2.6604744e+001,
  2.5000000e+002, -5.8348122e+001,
  5.0000000e+002, -5.7989471e+001,
  7.5000000e+002, -5.7466198e+001,
  1.0000000e+003, -5.6795937e+001,
  1.2500000e+003, -5.5978687e+001,
  1.5000000e+003, -5.5108521e+001,
  1.7500000e+003, -5.4179562e+001,
  2.0000000e+003, -5.3097733e+001,
  2.2500000e+003, -5.2033546e+001,
  2.5000000e+003, -5.0887047e+001,
  2.7500000e+003, -4.9693508e+001,
  3.0000000e+003, -4.8394142e+001,
  3.2500000e+003, -4.6977184e+001,
  3.5000000e+003, -4.5466152e+001,
  3.7500000e+003, -4.3708187e+001,
  4.0000000e+003, -4.1679760e+001,
  4.2500000e+003, -3.9192738e+001,
  4.5000000e+003, -3.5929619e+001,
  4.7500000e+003, -3.0996727e+001,
  5.0000000e+003, -1.9713982e+001,
  5.2500000e+003, -2.3482735e+001,
  5.5000000e+003, -3.1696381e+001,
  5.7500000e+003, -3.5712074e+001,
  6.0000000e+003, -3.8351967e+001,
  6.2500000e+003, -4.0386272e+001,
  6.5000000e+003, -4.1838509e+001,
  6.7500000e+003, -4.3096718e+001,
  7.0000000e+003, -4.4160908e+001,
  7.2500000e+003, -4.5089867e+001,
  7.5000000e+003, -4.5889477e+001,
  7.7500000e+003, -4.6595016e+001,
  8.0000000e+003, -4.7224121e+001,
  8.2500000e+003, -4.7782673e+001,
  8.5000000e+003, -4.8282429e+001,
  8.7500000e+003, -4.8788067e+001,
  9.0000000e+003, -4.9187874e+001,
  9.2500000e+003, -4.9581799e+001,
  9.5000000e+003, -4.9928688e+001,
  9.7500000e+003, -5.0246181e+001,
  1.0000000e+004, -5.0563675e+001,
  1.0250000e+004, -5.0693024e+001,
  1.0500000e+004, -5.0986996e+001,
  1.0750000e+004, -5.1198658e+001,
  1.1000000e+004, -5.1363285e+001,
  1.1250000e+004, -5.1498512e+001,
  1.1500000e+004, -5.1610222e+001,
  1.1750000e+004, -5.1663139e+001,
  1.2000000e+004, -5.1680779e+001,
  1.2250000e+004, -5.1657257e+001,
  1.2500000e+004, -5.1657257e+001,
  1.2750000e+004, -5.1422081e+001,
  1.3000000e+004, -5.1181019e+001,
  1.3250000e+004, -5.0857647e+001,
  1.3500000e+004, -5.0387287e+001,
  1.3750000e+004, -4.9740543e+001,
  1.4000000e+004, -4.8864502e+001,
  1.4250000e+004, -4.7635685e+001,
  1.4500000e+004, -4.5854198e+001,
  1.4750000e+004, -4.3120235e+001,
  1.5000000e+004, -3.8257896e+001,
  1.5250000e+004, -2.1683609e+001,
  1.5500000e+004, -3.6205956e+001,
  1.5750000e+004, -4.3320141e+001,
  1.6000000e+004, -4.7271156e+001,
  1.6250000e+004, -4.9963966e+001,
  1.6500000e+004, -5.1945354e+001,
  1.6750000e+004, -5.3468143e+001,
  1.7000000e+004, -5.4567608e+001,
  1.7250000e+004, -5.5578880e+001,
  1.7500000e+004, -5.6302059e+001,
  1.7750000e+004, -5.6907646e+001,
  1.8000000e+004, -5.7389763e+001,
  1.8250000e+004, -5.7766052e+001,
  1.8500000e+004, -5.8095303e+001,
  1.8750000e+004, -5.8371639e+001,
  1.9000000e+004, -5.8553902e+001,
  1.9250000e+004, -5.8747925e+001,
  1.9500000e+004, -5.8906673e+001,
  1.9750000e+004, -5.9065418e+001,
  2.0000000e+004, -5.9206528e+001,
  2.0250000e+004, -5.9288841e+001,
  2.0500000e+004, -5.9230045e+001,
  2.0750000e+004, -5.9247684e+001,
  2.1000000e+004, -5.9318237e+001,
  2.1250000e+004, -5.9324116e+001,
  2.1500000e+004, -5.9277081e+001,
  2.1750000e+004, -5.9135971e+001,
  2.2000000e+004, -5.9024261e+001,
  2.2250000e+004, -5.8941948e+001,
  2.2500000e+004, -5.8718529e+001,
  2.2750000e+004, -5.8442192e+001,
  2.3000000e+004, -5.8083542e+001,
  2.3250000e+004, -5.7660221e+001,
  2.3500000e+004, -5.7148705e+001,
  2.3750000e+004, -5.6513718e+001,
  2.4000000e+004, -5.5573002e+001,
  2.4250000e+004, -5.4391224e+001,
  2.4500000e+004, -5.2839035e+001,
  2.4750000e+004, -5.0669502e+001,
  2.5000000e+004, -4.7371109e+001,
  2.5250000e+004, -4.1350510e+001,
  2.5500000e+004, -1.7691437e+001,
  2.5750000e+004, -4.2743950e+001,
  2.6000000e+004, -4.8582283e+001,
  2.6250000e+004, -5.2010029e+001,
  2.6500000e+004, -5.4414742e+001,
  2.6750000e+004, -5.6190346e+001,
  2.7000000e+004, -5.7648460e+001,
  2.7250000e+004, -5.8865517e+001,
  2.7500000e+004, -5.9723923e+001,
  2.7750000e+004, -6.0523533e+001,
  2.8000000e+004, -6.1134998e+001,
  2.8250000e+004, -6.1734707e+001,
  2.8500000e+004, -6.2205067e+001,
  2.8750000e+004, -6.2663670e+001,
  2.9000000e+004, -6.3092873e+001,
  2.9250000e+004, -6.3275135e+001,
  2.9500000e+004, -6.3574989e+001,
  2.9750000e+004, -6.3904240e+001,
  3.0000000e+004, -6.4204094e+001,
  3.0250000e+004, -6.4409878e+001,
  3.0500000e+004, -6.4533348e+001,
  3.0750000e+004, -6.4703850e+001,
  3.1000000e+004, -6.4991947e+001,
  3.1250000e+004, -6.5327076e+001,
  3.1500000e+004, -6.5456425e+001,
  3.1750000e+004, -6.5626930e+001,
  3.2000000e+004, -6.5732761e+001,
  3.2250000e+004, -6.7026253e+001,
  3.2500000e+004, -6.6067894e+001,
  3.2750000e+004, -6.6026737e+001,
  3.3000000e+004, -6.6026737e+001,
  3.3250000e+004, -6.5797436e+001,
  3.3500000e+004, -6.5474064e+001,
  3.3750000e+004, -6.4839081e+001,
  3.4000000e+004, -6.4697971e+001,
  3.4250000e+004, -6.2475525e+001,
  3.4500000e+004, -6.0770470e+001,
  3.4750000e+004, -5.8324604e+001,
  3.5000000e+004, -5.5173195e+001,
  3.5250000e+004, -5.0616589e+001,
  3.5500000e+004, -4.2397060e+001,
  3.5750000e+004, -3.3742447e+001,
  3.6000000e+004, -4.6183453e+001,
  3.6250000e+004, -5.0546036e+001,
  3.6500000e+004, -5.3074215e+001,
  3.6750000e+004, -5.4791027e+001,
  3.7000000e+004, -5.6013962e+001,
  3.7250000e+004, -5.6960560e+001,
  3.7500000e+004, -5.7642582e+001,
  3.7750000e+004, -5.8318722e+001,
  3.8000000e+004, -5.8824360e+001,
  3.8250000e+004, -5.9253563e+001,
  3.8500000e+004, -5.9600452e+001,
  3.8750000e+004, -5.9865028e+001,
  3.9000000e+004, -6.0176643e+001,
  3.9250000e+004, -6.0353027e+001,
  3.9500000e+004, -6.0541172e+001,
  3.9750000e+004, -6.0676399e+001,
  4.0000000e+004, -6.0805748e+001,
  4.0250000e+004, -6.0893940e+001,
  4.0500000e+004, -6.0993893e+001,
  4.0750000e+004, -6.1793503e+001,
  4.1000000e+004, -6.0935097e+001,
  4.1250000e+004, -6.0911579e+001,
  4.1500000e+004, -6.0946857e+001,
  4.1750000e+004, -6.0911579e+001,
  4.2000000e+004, -6.0864544e+001,
  4.2250000e+004, -6.0782230e+001,
  4.2500000e+004, -6.0664642e+001,
  4.2750000e+004, -6.0458858e+001,
  4.3000000e+004, -6.0323631e+001,
  4.3250000e+004, -6.0006138e+001,
  4.3500000e+004, -5.9676888e+001,
  4.3750000e+004, -5.9294720e+001,
  4.4000000e+004, -5.8800842e+001,
  4.4250000e+004, -5.8207012e+001,
  4.4500000e+004, -5.7372124e+001,
  4.4750000e+004, -5.6313816e+001,
  4.5000000e+004, -5.4890980e+001,
  4.5250000e+004, -5.2756725e+001,
  4.5500000e+004, -4.9117317e+001,
  4.5750000e+004, -4.0398033e+001,
  4.6000000e+004, -4.1679760e+001,
  4.6250000e+004, -5.2209930e+001,
  4.6500000e+004, -5.7818966e+001,
  4.6750000e+004, -6.2081596e+001,
  4.7000000e+004, -6.5850353e+001,
  4.7250000e+004, -6.9225182e+001,
  4.7500000e+004, -7.2794033e+001,
  4.7750000e+004, -7.6098307e+001,
  4.8000000e+004, -7.9173281e+001,
  4.8250000e+004, -8.0731346e+001,
  4.8500000e+004, -8.0225710e+001,
  4.8750000e+004, -7.8714682e+001,
  4.9000000e+004, -7.7656372e+001,
  4.9250000e+004, -7.7062544e+001,
  4.9500000e+004, -7.5622068e+001,
  4.9750000e+004, -7.5222263e+001,
  5.0000000e+004, -7.4722506e+001,
  5.0250000e+004, -7.4393255e+001,
  5.0500000e+004, -7.3964052e+001,
  5.0750000e+004, -7.3481934e+001,
  5.1000000e+004, -7.7191893e+001,
  5.1250000e+004, -7.4064003e+001,
  5.1500000e+004, -7.3640680e+001,
  5.1750000e+004, -7.3434896e+001,
  5.2000000e+004, -7.3681835e+001,
  5.2250000e+004, -7.3434896e+001,
  5.2500000e+004, -7.3517210e+001,
  5.2750000e+004, -7.3464294e+001,
  5.3000000e+004, -7.3346704e+001,
  5.3250000e+004, -7.3264393e+001,
  5.3500000e+004, -7.2841068e+001,
  5.3750000e+004, -7.2100252e+001,
  5.4000000e+004, -7.1565218e+001,
  5.4250000e+004, -7.0606861e+001,
  5.4500000e+004, -6.9272217e+001,
  5.4750000e+004, -6.7179119e+001,
  5.5000000e+004, -6.4703850e+001,
  5.5250000e+004, -6.1746468e+001,
  5.5500000e+004, -5.7736652e+001,
  5.5750000e+004, -5.1863041e+001,
  5.6000000e+004, -3.7552361e+001,
  5.6250000e+004, -4.5530827e+001,
  5.6500000e+004, -5.2268726e+001,
  5.6750000e+004, -5.5508327e+001,
  5.7000000e+004, -5.7530872e+001,
  5.7250000e+004, -5.8912552e+001,
  5.7500000e+004, -5.9994377e+001,
  5.7750000e+004, -6.0717556e+001,
  5.8000000e+004, -6.1505409e+001,
  5.8250000e+004, -6.1999287e+001,
  5.8500000e+004, -6.2363815e+001,
  5.8750000e+004, -6.2781258e+001,
  5.9000000e+004, -6.3098751e+001,
  5.9250000e+004, -6.3416245e+001,
  5.9500000e+004, -6.3716099e+001,
  5.9750000e+004, -6.3727856e+001,
  6.0000000e+004, -6.3939518e+001,
  6.0250000e+004, -6.4062988e+001,
  6.0500000e+004, -6.4198215e+001,
  6.0750000e+004, -6.4315804e+001,
  6.1000000e+004, -6.4445152e+001,
  6.1250000e+004, -6.3945396e+001,
  6.1500000e+004, -6.4386360e+001,
  6.1750000e+004, -6.4456913e+001,
  6.2000000e+004, -6.4539227e+001,
  6.2250000e+004, -6.4539227e+001,
  6.2500000e+004, -6.4456913e+001,
  6.2750000e+004, -6.4650936e+001,
  6.3000000e+004, -6.4415756e+001,
  6.3250000e+004, -6.4368721e+001,
  6.3500000e+004, -6.4209976e+001,
  6.3750000e+004, -6.4068867e+001,
  6.4000000e+004, -6.3857204e+001,
  6.4250000e+004, -6.3492676e+001,
  6.4500000e+004, -6.2863571e+001,
  6.4750000e+004, -6.2622513e+001,
  6.5000000e+004, -6.1817020e+001,
  6.5250000e+004, -6.0658760e+001,
  6.5500000e+004, -5.8941948e+001,
  6.5750000e+004, -5.6102154e+001,
  6.6000000e+004, -5.0734180e+001,
  6.6250000e+004, -2.3376900e+001,
  6.6500000e+004, -5.0228542e+001,
  6.6750000e+004, -5.6178589e+001,
  6.7000000e+004, -5.9335876e+001,
  6.7250000e+004, -6.1223194e+001,
  6.7500000e+004, -6.2493164e+001,
  6.7750000e+004, -6.3339809e+001,
  6.8000000e+004, -6.3539711e+001,
  6.8250000e+004, -6.4403999e+001,
  6.8500000e+004, -6.4715611e+001,
  6.8750000e+004, -6.4933151e+001,
  6.9000000e+004, -6.5086018e+001,
  6.9250000e+004, -6.5133053e+001,
  6.9500000e+004, -6.5344715e+001,
  6.9750000e+004, -6.5550499e+001,
  7.0000000e+004, -6.5468185e+001,
  7.0250000e+004, -6.5468185e+001,
  7.0500000e+004, -6.5597534e+001,
  7.0750000e+004, -6.5709244e+001,
  7.1000000e+004, -6.5579895e+001,
  7.1250000e+004, -6.5550499e+001,
  7.1500000e+004, -6.5591656e+001,
  7.1750000e+004, -6.5650452e+001,
  7.2000000e+004, -6.5650452e+001,
  7.2250000e+004, -6.5544621e+001,
  7.2500000e+004, -6.5550499e+001,
  7.2750000e+004, -6.5397633e+001,
  7.3000000e+004, -6.5268284e+001,
  7.3250000e+004, -6.5332958e+001,
  7.3500000e+004, -6.5233006e+001,
  7.3750000e+004, -6.5050743e+001,
  7.4000000e+004, -6.4856720e+001,
  7.4250000e+004, -6.4609779e+001,
  7.4500000e+004, -6.4298168e+001,
  7.4750000e+004, -6.3892483e+001,
  7.5000000e+004, -6.3392723e+001,
  7.5250000e+004, -6.2540199e+001,
  7.5500000e+004, -6.1252590e+001,
  7.5750000e+004, -5.9394669e+001,
  7.6000000e+004, -5.6190346e+001,
  7.6250000e+004, -4.9681751e+001,
  7.6500000e+004, -3.6699829e+001,
  7.6750000e+004, -5.2850796e+001,
  7.7000000e+004, -5.7742535e+001,
  7.7250000e+004, -6.0376545e+001,
  7.7500000e+004, -6.2075718e+001,
  7.7750000e+004, -6.3069351e+001,
  7.8000000e+004, -6.3757252e+001,
  7.8250000e+004, -6.4345203e+001,
  7.8500000e+004, -6.4715611e+001,
  7.8750000e+004, -6.4850838e+001,
  7.9000000e+004, -6.5174210e+001,
  7.9250000e+004, -6.5362354e+001,
  7.9500000e+004, -6.5409389e+001,
  7.9750000e+004, -6.5515221e+001,
  8.0000000e+004, -6.5591656e+001,
  8.0250000e+004, -6.5650452e+001,
  8.0500000e+004, -6.5662209e+001,
  8.0750000e+004, -6.5809196e+001,
  8.1000000e+004, -6.5762161e+001,
  8.1250000e+004, -6.5879749e+001,
  8.1500000e+004, -6.6467701e+001,
  8.1750000e+004, -6.5591656e+001,
  8.2000000e+004, -6.5756279e+001,
  8.2250000e+004, -6.5785679e+001,
  8.2500000e+004, -6.5673969e+001,
  8.2750000e+004, -6.5773918e+001,
  8.3000000e+004, -6.5879749e+001,
  8.3250000e+004, -6.5532860e+001,
  8.3500000e+004, -6.5703365e+001,
  8.3750000e+004, -6.5679848e+001,
  8.4000000e+004, -6.5603413e+001,
  8.4250000e+004, -6.5544621e+001,
  8.4500000e+004, -6.5438789e+001,
  8.4750000e+004, -6.5238884e+001,
  8.5000000e+004, -6.4733250e+001,
  8.5250000e+004, -6.4533348e+001,
  8.5500000e+004, -6.3851326e+001,
  8.5750000e+004, -6.2757740e+001,
  8.6000000e+004, -6.0599968e+001,
  8.6250000e+004, -5.6890007e+001,
  8.6500000e+004, -4.8364742e+001,
  8.6750000e+004, -4.4543072e+001,
  8.7000000e+004, -5.4538208e+001,
  8.7250000e+004, -5.8207012e+001,
  8.7500000e+004, -6.0164883e+001,
  8.7750000e+004, -6.1358421e+001,
  8.8000000e+004, -6.2081596e+001,
  8.8250000e+004, -6.2657787e+001,
  8.8500000e+004, -6.3039955e+001,
  8.8750000e+004, -6.3204582e+001,
  8.9000000e+004, -6.3410362e+001,
  8.9250000e+004, -6.3574989e+001,
  8.9500000e+004, -6.3774891e+001,
  8.9750000e+004, -6.3774891e+001,
  9.0000000e+004, -6.3927757e+001,
  9.0250000e+004, -6.3804291e+001,
  9.0500000e+004, -6.3892483e+001,
  9.0750000e+004, -6.3892483e+001,
  9.1000000e+004, -6.3927757e+001,
  9.1250000e+004, -6.3904240e+001,
  9.1500000e+004, -6.3857204e+001,
  9.1750000e+004, -6.6791073e+001,
  9.2000000e+004, -6.3986553e+001,
  9.2250000e+004, -6.3874844e+001,
  9.2500000e+004, -6.3786652e+001,
  9.2750000e+004, -6.3798409e+001,
  9.3000000e+004, -6.3680820e+001,
  9.3250000e+004, -6.3586750e+001,
  9.3500000e+004, -6.3569111e+001,
  9.3750000e+004, -6.3369205e+001,
  9.4000000e+004, -6.3310413e+001,
  9.4250000e+004, -6.3181065e+001,
  9.4500000e+004, -6.3016438e+001,
  9.4750000e+004, -6.2869450e+001,
  9.5000000e+004, -6.2581356e+001,
  9.5250000e+004, -6.2510799e+001,
  9.5500000e+004, -6.2099236e+001,
  9.5750000e+004, -6.1423096e+001,
  9.6000000e+004, -6.0494137e+001,
  9.6250000e+004, -5.8830238e+001,
  9.6500000e+004, -5.5320183e+001,
  9.6750000e+004, -4.4895844e+001,
  9.7000000e+004, -4.9622955e+001,
  9.7250000e+004, -5.7136944e+001,
  9.7500000e+004, -6.0029655e+001,
  9.7750000e+004, -6.1405457e+001,
  9.8000000e+004, -6.2181549e+001,
  9.8250000e+004, -6.2516682e+001,
  9.8500000e+004, -6.2475525e+001,
  9.8750000e+004, -6.2804775e+001,
  9.9000000e+004, -6.3004677e+001,
  9.9250000e+004, -6.3092873e+001,
  9.9500000e+004, -6.3028198e+001,
  9.9750000e+004, -6.3081112e+001,
