  0.0000000e+000, -5.0604828e+001,
  6.2500000e+001, -4.9769943e+001,
  1.2500000e+002, -4.9005608e+001,
  1.8750000e+002, -4.8758671e+001,
  2.5000000e+002, -4.8893898e+001,
  3.1250000e+002, -4.8770428e+001,
  3.7500000e+002, -4.8370625e+001,
  4.3750000e+002, -4.8364742e+001,
  5.0000000e+002, -4.8817463e+001,
  5.6250000e+002, -4.9170235e+001,
  6.2500000e+002, -4.9370136e+001,
  6.8750000e+002, -4.9087921e+001,
  7.5000000e+002, -4.8523491e+001,
  8.1250000e+002, -4.8641079e+001,
  8.7500000e+002, -4.8952694e+001,
  9.3750000e+002, -4.8729271e+001,
  1.0000000e+003, -4.8476452e+001,
  1.0625000e+003, -4.8294189e+001,
  1.1250000e+003, -4.8541126e+001,
  1.1875000e+003, -4.8982090e+001,
  1.2500000e+003, -4.9287823e+001,
  1.3125000e+003, -4.9040886e+001,
  1.3750000e+003, -4.8846863e+001,
  1.4375000e+003, -4.9105560e+001,
  1.5000000e+003, -4.8987968e+001,
  1.5625000e+003, -4.8670475e+001,
  1.6250000e+003, -4.9087921e+001,
  1.6875000e+003, -4.9446571e+001,
  1.7500000e+003, -4.9164352e+001,
  1.8125000e+003, -4.9170235e+001,
  1.8750000e+003, -4.8993851e+001,
  1.9375000e+003, -4.8564648e+001,
  2.0000000e+003, -4.8529369e+001,
  2.0625000e+003, -4.8764549e+001,
  2.1250000e+003, -4.9181992e+001,
  2.1875000e+003, -4.9270184e+001,
  2.2500000e+003, -4.9029125e+001,
  2.3125000e+003, -4.8964451e+001,
  2.3750000e+003, -4.8935055e+001,
  2.4375000e+003, -4.8523491e+001,
  2.5000000e+003, -4.8270672e+001,
  2.5625000e+003, -4.8317707e+001,
  2.6250000e+003, -4.8470573e+001,
  2.6875000e+003, -4.8829224e+001,
  2.7500000e+003, -4.8364742e+001,
  2.8125000e+003, -4.8123684e+001,
  2.8750000e+003, -4.8188358e+001,
  2.9375000e+003, -4.8400021e+001,
  3.0000000e+003, -4.8541126e+001,
  3.0625000e+003, -4.8223637e+001,
  3.1250000e+003, -4.7788551e+001,
  3.1875000e+003, -4.8000214e+001,
  3.2500000e+003, -4.8505852e+001,
  3.3125000e+003, -4.8840981e+001,
  3.3750000e+003, -4.8782188e+001,
  3.4375000e+003, -4.8805706e+001,
  3.5000000e+003, -4.8788067e+001,
  3.5625000e+003, -4.8846863e+001,
  3.6250000e+003, -4.8911537e+001,
  3.6875000e+003, -4.8641079e+001,
  3.7500000e+003, -4.8358864e+001,
  3.8125000e+003, -4.8629322e+001,
  3.8750000e+003, -4.9181992e+001,
  3.9375000e+003, -4.9158474e+001,
  4.0000000e+003, -4.8852741e+001,
  4.0625000e+003, -4.8717514e+001,
  4.1250000e+003, -4.8682236e+001,
  4.1875000e+003, -4.8505852e+001,
  4.2500000e+003, -4.8358864e+001,
  4.3125000e+003, -4.8635201e+001,
  4.3750000e+003, -4.8999729e+001,
  4.4375000e+003, -4.9181992e+001,
  4.5000000e+003, -4.9111439e+001,
  4.5625000e+003, -4.8911537e+001,
  4.6250000e+003, -4.8982090e+001,
  4.6875000e+003, -4.9305462e+001,
  4.7500000e+003, -4.9270184e+001,
  4.8125000e+003, -4.8811584e+001,
  4.8750000e+003, -4.8752789e+001,
  4.9375000e+003, -4.8805706e+001,
  5.0000000e+003, -4.8400021e+001,
  5.0625000e+003, -4.8470573e+001,
  5.1250000e+003, -4.9193752e+001,
  5.1875000e+003, -4.9323101e+001,
  5.2500000e+003, -4.8911537e+001,
  5.3125000e+003, -4.8864502e+001,
  5.3750000e+003, -4.9164352e+001,
  5.4375000e+003, -4.9064404e+001,
  5.5000000e+003, -4.9164352e+001,
  5.5625000e+003, -4.9029125e+001,
  5.6250000e+003, -4.8717514e+001,
  5.6875000e+003, -4.8682236e+001,
  5.7500000e+003, -4.8835102e+001,
  5.8125000e+003, -4.9370136e+001,
  5.8750000e+003, -4.9658230e+001,
  5.9375000e+003, -4.9258427e+001,
  6.0000000e+003, -4.8170719e+001,
  6.0625000e+003, -4.7817951e+001,
  6.1250000e+003, -4.8064888e+001,
  6.1875000e+003, -4.8370625e+001,
  6.2500000e+003, -4.8664597e+001,
  6.3125000e+003, -4.8752789e+001,
  6.3750000e+003, -4.9017368e+001,
  6.4375000e+003, -4.8917416e+001,
  6.5000000e+003, -4.8870380e+001,
  6.5625000e+003, -4.8876259e+001,
  6.6250000e+003, -4.8923294e+001,
  6.6875000e+003, -4.9293701e+001,
  6.7500000e+003, -4.9323101e+001,
  6.8125000e+003, -4.8952694e+001,
  6.8750000e+003, -4.8823345e+001,
  6.9375000e+003, -4.8999729e+001,
  7.0000000e+003, -4.9023247e+001,
  7.0625000e+003, -4.9234909e+001,
  7.1250000e+003, -4.9405415e+001,
  7.1875000e+003, -4.9170235e+001,
  7.2500000e+003, -4.8888020e+001,
  7.3125000e+003, -4.8840981e+001,
  7.3750000e+003, -4.8852741e+001,
  7.4375000e+003, -4.8917416e+001,
  7.5000000e+003, -4.8893898e+001,
  7.5625000e+003, -4.8882137e+001,
  7.6250000e+003, -4.9064404e+001,
  7.6875000e+003, -4.9323101e+001,
  7.7500000e+003, -4.9323101e+001,
  7.8125000e+003, -4.9599438e+001,
  7.8750000e+003, -4.9276066e+001,
  7.9375000e+003, -4.8311829e+001,
  8.0000000e+003, -4.8435299e+001,
  8.0625000e+003, -4.8588165e+001,
  8.1250000e+003, -4.8594044e+001,
  8.1875000e+003, -4.8952694e+001,
  8.2500000e+003, -4.9199631e+001,
  8.3125000e+003, -4.9129078e+001,
  8.3750000e+003, -4.8987968e+001,
  8.4375000e+003, -4.8946812e+001,
  8.5000000e+003, -4.9070282e+001,
  8.5625000e+003, -4.9434811e+001,
  8.6250000e+003, -4.9376015e+001,
  8.6875000e+003, -4.8993851e+001,
  8.7500000e+003, -4.9082043e+001,
  8.8125000e+003, -4.9405415e+001,
  8.8750000e+003, -4.9370136e+001,
  8.9375000e+003, -4.8923294e+001,
  9.0000000e+003, -4.8741032e+001,
  9.0625000e+003, -4.8623440e+001,
  9.1250000e+003, -4.8635201e+001,
  9.1875000e+003, -4.8570526e+001,
  9.2500000e+003, -4.8646957e+001,
  9.3125000e+003, -4.8770428e+001,
  9.3750000e+003, -4.9070282e+001,
  9.4375000e+003, -4.8987968e+001,
  9.5000000e+003, -4.8588165e+001,
  9.5625000e+003, -4.8305950e+001,
  9.6250000e+003, -4.8352985e+001,
  9.6875000e+003, -4.8552887e+001,
  9.7500000e+003, -4.8611683e+001,
  9.8125000e+003, -4.8564648e+001,
  9.8750000e+003, -4.8264793e+001,
  9.9375000e+003, -4.8200119e+001,
  1.0000000e+004, -4.8558765e+001,
  1.0062500e+004, -4.8876259e+001,
  1.0125000e+004, -4.8788067e+001,
  1.0187500e+004, -4.8752789e+001,
  1.0250000e+004, -4.8917416e+001,
  1.0312500e+004, -4.9164352e+001,
  1.0375000e+004, -4.9164352e+001,
  1.0437500e+004, -4.9076160e+001,
  1.0500000e+004, -4.8993851e+001,
  1.0562500e+004, -4.9093800e+001,
  1.0625000e+004, -4.8982090e+001,
  1.0687500e+004, -4.8846863e+001,
  1.0750000e+004, -4.8547009e+001,
  1.0812500e+004, -4.8164841e+001,
  1.0875000e+004, -4.8300068e+001,
  1.0937500e+004, -4.8652840e+001,
  1.1000000e+004, -4.8976212e+001,
  1.1062500e+004, -4.9052643e+001,
  1.1125000e+004, -4.8711632e+001,
  1.1187500e+004, -4.8852741e+001,
  1.1250000e+004, -4.9046764e+001,
  1.1312500e+004, -4.8729271e+001,
  1.1375000e+004, -4.8629322e+001,
  1.1437500e+004, -4.8805706e+001,
  1.1500000e+004, -4.8793945e+001,
  1.1562500e+004, -4.8670475e+001,
  1.1625000e+004, -4.8505852e+001,
  1.1687500e+004, -4.8764549e+001,
  1.1750000e+004, -4.8623440e+001,
  1.1812500e+004, -4.8300068e+001,
  1.1875000e+004, -4.8482334e+001,
  1.1937500e+004, -4.8552887e+001,
  1.2000000e+004, -4.8693996e+001,
  1.2062500e+004, -4.8870380e+001,
  1.2125000e+004, -4.8752789e+001,
  1.2187500e+004, -4.8999729e+001,
  1.2250000e+004, -4.9029125e+001,
  1.2312500e+004, -4.8805706e+001,
  1.2375000e+004, -4.8888020e+001,
  1.2437500e+004, -4.8946812e+001,
  1.2500000e+004, -4.8852741e+001,
  1.2562500e+004, -4.8505852e+001,
  1.2625000e+004, -4.8693996e+001,
  1.2687500e+004, -4.8882137e+001,
  1.2750000e+004, -4.8729271e+001,
  1.2812500e+004, -4.8764549e+001,
  1.2875000e+004, -4.8835102e+001,
  1.2937500e+004, -4.8776306e+001,
  1.3000000e+004, -4.8764549e+001,
  1.3062500e+004, -4.8594044e+001,
  1.3125000e+004, -4.8741032e+001,
  1.3187500e+004, -4.8711632e+001,
  1.3250000e+004, -4.8499973e+001,
  1.3312500e+004, -4.8576405e+001,
  1.3375000e+004, -4.8494091e+001,
  1.3437500e+004, -4.8341225e+001,
  1.3500000e+004, -4.8253033e+001,
  1.3562500e+004, -4.8400021e+001,
  1.3625000e+004, -4.8623440e+001,
  1.3687500e+004, -4.8835102e+001,
  1.3750000e+004, -4.8882137e+001,
  1.3812500e+004, -4.8635201e+001,
  1.3875000e+004, -4.8288311e+001,
  1.3937500e+004, -4.8188358e+001,
  1.4000000e+004, -4.8059010e+001,
  1.4062500e+004, -4.8094288e+001,
  1.4125000e+004, -4.8547009e+001,
  1.4187500e+004, -4.8452934e+001,
  1.4250000e+004, -4.8200119e+001,
  1.4312500e+004, -4.8494091e+001,
  1.4375000e+004, -4.8929176e+001,
  1.4437500e+004, -4.8594044e+001,
  1.4500000e+004, -4.8164841e+001,
  1.4562500e+004, -4.8576405e+001,
  1.4625000e+004, -4.8993851e+001,
  1.4687500e+004, -4.9046764e+001,
  1.4750000e+004, -4.9040886e+001,
  1.4812500e+004, -4.9105560e+001,
  1.4875000e+004, -4.8799828e+001,
  1.4937500e+004, -4.8470573e+001,
  1.5000000e+004, -4.8864502e+001,
  1.5062500e+004, -4.9229027e+001,
  1.5125000e+004, -4.9205509e+001,
  1.5187500e+004, -4.9505363e+001,
  1.5250000e+004, -4.9505363e+001,
  1.5312500e+004, -4.8864502e+001,
  1.5375000e+004, -4.8300068e+001,
  1.5437500e+004, -4.8305950e+001,
  1.5500000e+004, -4.8676357e+001,
  1.5562500e+004, -4.9070282e+001,
  1.5625000e+004, -4.9040886e+001,
  1.5687500e+004, -4.8858620e+001,
  1.5750000e+004, -4.8682236e+001,
  1.5812500e+004, -4.8482334e+001,
  1.5875000e+004, -4.8652840e+001,
  1.5937500e+004, -4.8905655e+001,
  1.6000000e+004, -4.9323101e+001,
  1.6062500e+004, -4.9434811e+001,
  1.6125000e+004, -4.9082043e+001,
  1.6187500e+004, -4.8758671e+001,
  1.6250000e+004, -4.8735149e+001,
  1.6312500e+004, -4.8682236e+001,
  1.6375000e+004, -4.8817463e+001,
  1.6437500e+004, -4.9035004e+001,
  1.6500000e+004, -4.8799828e+001,
  1.6562500e+004, -4.8394142e+001,
  1.6625000e+004, -4.8205997e+001,
  1.6687500e+004, -4.8388260e+001,
  1.6750000e+004, -4.8605801e+001,
  1.6812500e+004, -4.8588165e+001,
  1.6875000e+004, -4.8735149e+001,
  1.6937500e+004, -4.8923294e+001,
  1.7000000e+004, -4.8964451e+001,
  1.7062500e+004, -4.8923294e+001,
  1.7125000e+004, -4.8829224e+001,
  1.7187500e+004, -4.8535248e+001,
  1.7250000e+004, -4.8064888e+001,
  1.7312500e+004, -4.7959057e+001,
  1.7375000e+004, -4.8164841e+001,
  1.7437500e+004, -4.8435299e+001,
  1.7500000e+004, -4.8746910e+001,
  1.7562500e+004, -4.8788067e+001,
  1.7625000e+004, -4.8599922e+001,
  1.7687500e+004, -4.8317707e+001,
  1.7750000e+004, -4.8317707e+001,
  1.7812500e+004, -4.8417660e+001,
  1.7875000e+004, -4.8758671e+001,
  1.7937500e+004, -4.9258427e+001,
  1.8000000e+004, -4.9129078e+001,
  1.8062500e+004, -4.8576405e+001,
  1.8125000e+004, -4.8182480e+001,
  1.8187500e+004, -4.8594044e+001,
  1.8250000e+004, -4.8764549e+001,
  1.8312500e+004, -4.8417660e+001,
  1.8375000e+004, -4.8417660e+001,
  1.8437500e+004, -4.8529369e+001,
  1.8500000e+004, -4.8317707e+001,
  1.8562500e+004, -4.8258911e+001,
  1.8625000e+004, -4.8641079e+001,
  1.8687500e+004, -4.8929176e+001,
  1.8750000e+004, -4.8476452e+001,
  1.8812500e+004, -4.8552887e+001,
  1.8875000e+004, -4.9040886e+001,
  1.8937500e+004, -4.8958572e+001,
  1.9000000e+004, -4.9011486e+001,
  1.9062500e+004, -4.9146717e+001,
  1.9125000e+004, -4.9011486e+001,
  1.9187500e+004, -4.8482334e+001,
  1.9250000e+004, -4.8223637e+001,
  1.9312500e+004, -4.8317707e+001,
  1.9375000e+004, -4.8617561e+001,
  1.9437500e+004, -4.8447056e+001,
  1.9500000e+004, -4.8552887e+001,
  1.9562500e+004, -4.8517609e+001,
  1.9625000e+004, -4.8358864e+001,
  1.9687500e+004, -4.8535248e+001,
  1.9750000e+004, -4.8764549e+001,
  1.9812500e+004, -4.8417660e+001,
  1.9875000e+004, -4.8405899e+001,
  1.9937500e+004, -4.8752789e+001,
  2.0000000e+004, -4.8999729e+001,
  2.0062500e+004, -4.8735149e+001,
  2.0125000e+004, -4.8447056e+001,
  2.0187500e+004, -4.8470573e+001,
  2.0250000e+004, -4.8482334e+001,
  2.0312500e+004, -4.8576405e+001,
  2.0375000e+004, -4.8758671e+001,
  2.0437500e+004, -4.8840981e+001,
  2.0500000e+004, -4.8435299e+001,
  2.0562500e+004, -4.8088406e+001,
  2.0625000e+004, -4.8447056e+001,
  2.0687500e+004, -4.8746910e+001,
  2.0750000e+004, -4.8793945e+001,
  2.0812500e+004, -4.8605801e+001,
  2.0875000e+004, -4.8711632e+001,
  2.0937500e+004, -4.9017368e+001,
  2.1000000e+004, -4.8905655e+001,
  2.1062500e+004, -4.8482334e+001,
  2.1125000e+004, -4.8558765e+001,
  2.1187500e+004, -4.8764549e+001,
  2.1250000e+004, -4.9017368e+001,
  2.1312500e+004, -4.8670475e+001,
  2.1375000e+004, -4.8147202e+001,
  2.1437500e+004, -4.8423538e+001,
  2.1500000e+004, -4.9093800e+001,
  2.1562500e+004, -4.9164352e+001,
  2.1625000e+004, -4.8752789e+001,
  2.1687500e+004, -4.8635201e+001,
  2.1750000e+004, -4.8599922e+001,
  2.1812500e+004, -4.8805706e+001,
  2.1875000e+004, -4.8923294e+001,
  2.1937500e+004, -4.8829224e+001,
  2.2000000e+004, -4.8693996e+001,
  2.2062500e+004, -4.8576405e+001,
  2.2125000e+004, -4.8664597e+001,
  2.2187500e+004, -4.8523491e+001,
  2.2250000e+004, -4.8470573e+001,
  2.2312500e+004, -4.8464695e+001,
  2.2375000e+004, -4.8617561e+001,
  2.2437500e+004, -4.8558765e+001,
  2.2500000e+004, -4.8347103e+001,
  2.2562500e+004, -4.8364742e+001,
  2.2625000e+004, -4.8741032e+001,
  2.2687500e+004, -4.8917416e+001,
  2.2750000e+004, -4.8752789e+001,
  2.2812500e+004, -4.8776306e+001,
  2.2875000e+004, -4.8494091e+001,
  2.2937500e+004, -4.8264793e+001,
  2.3000000e+004, -4.8370625e+001,
  2.3062500e+004, -4.8288311e+001,
  2.3125000e+004, -4.7888504e+001,
  2.3187500e+004, -4.8076649e+001,
  2.3250000e+004, -4.8705753e+001,
  2.3312500e+004, -4.9152596e+001,
  2.3375000e+004, -4.8805706e+001,
  2.3437500e+004, -4.8987968e+001,
  2.3500000e+004, -4.9093800e+001,
  2.3562500e+004, -4.8746910e+001,
  2.3625000e+004, -4.8511730e+001,
  2.3687500e+004, -4.8470573e+001,
  2.3750000e+004, -4.8547009e+001,
  2.3812500e+004, -4.8494091e+001,
  2.3875000e+004, -4.8253033e+001,
  2.3937500e+004, -4.8305950e+001,
  2.4000000e+004, -4.8435299e+001,
  2.4062500e+004, -4.8341225e+001,
  2.4125000e+004, -4.8758671e+001,
  2.4187500e+004, -4.8993851e+001,
  2.4250000e+004, -4.8682236e+001,
  2.4312500e+004, -4.8605801e+001,
  2.4375000e+004, -4.8923294e+001,
  2.4437500e+004, -4.8788067e+001,
  2.4500000e+004, -4.8564648e+001,
  2.4562500e+004, -4.8670475e+001,
  2.4625000e+004, -4.9111439e+001,
  2.4687500e+004, -4.9370136e+001,
  2.4750000e+004, -4.9199631e+001,
  2.4812500e+004, -4.8893898e+001,
  2.4875000e+004, -4.8617561e+001,
  2.4937500e+004, -4.8611683e+001,
