  0.0000000e+000, -5.5143799e+001,
  2.5000000e+002, -5.4685196e+001,
  5.0000000e+002, -5.4591125e+001,
  7.5000000e+002, -5.4426498e+001,
  1.0000000e+003, -5.4220718e+001,
  1.2500000e+003, -5.3956139e+001,
  1.5000000e+003, -5.3585732e+001,
  1.7500000e+003, -5.3191807e+001,
  2.0000000e+003, -5.2709686e+001,
  2.2500000e+003, -5.2145256e+001,
  2.5000000e+003, -5.1492634e+001,
  2.7500000e+003, -5.0745937e+001,
  3.0000000e+003, -4.9875774e+001,
  3.2500000e+003, -4.8858620e+001,
  3.5000000e+003, -4.7670963e+001,
  3.7500000e+003, -4.6259884e+001,
  4.0000000e+003, -4.4531315e+001,
  4.2500000e+003, -4.2320625e+001,
  4.5000000e+003, -3.9310326e+001,
  4.7500000e+003, -3.4618492e+001,
  5.0000000e+003, -2.3559166e+001,
  5.2500000e+003, -2.7521942e+001,
  5.5000000e+003, -3.5935493e+001,
  5.7500000e+003, -4.0115814e+001,
  6.0000000e+003, -4.2920334e+001,
  6.2500000e+003, -4.4807652e+001,
  6.5000000e+003, -4.6706726e+001,
  6.7500000e+003, -4.8100166e+001,
  7.0000000e+003, -4.9293701e+001,
  7.2500000e+003, -5.0316734e+001,
  7.5000000e+003, -5.1233936e+001,
  7.7500000e+003, -5.2039425e+001,
  8.0000000e+003, -5.2786121e+001,
  8.2500000e+003, -5.3456383e+001,
  8.5000000e+003, -5.4056091e+001,
  8.7500000e+003, -5.4638161e+001,
  9.0000000e+003, -5.5161434e+001,
  9.2500000e+003, -5.5614159e+001,
  9.5000000e+003, -5.6072758e+001,
  9.7500000e+003, -5.6443165e+001,
  1.0000000e+004, -5.6854729e+001,
  1.0250000e+004, -5.7207500e+001,
  1.0500000e+004, -5.7536751e+001,
  1.0750000e+004, -5.7854244e+001,
  1.1000000e+004, -5.8089424e+001,
  1.1250000e+004, -5.8359879e+001,
  1.1500000e+004, -5.8600941e+001,
  1.1750000e+004, -5.8783203e+001,
  1.2000000e+004, -5.8959587e+001,
  1.2250000e+004, -5.9100697e+001,
  1.2500000e+004, -5.9335876e+001,
  1.2750000e+004, -5.9318237e+001,
  1.3000000e+004, -5.9288841e+001,
  1.3250000e+004, -5.9241802e+001,
  1.3500000e+004, -5.9124214e+001,
  1.3750000e+004, -5.8883156e+001,
  1.4000000e+004, -5.8477470e+001,
  1.4250000e+004, -5.7813087e+001,
  1.4500000e+004, -5.6713623e+001,
  1.4750000e+004, -5.4773388e+001,
  1.5000000e+004, -5.0751816e+001,
  1.5250000e+004, -3.5024178e+001,
  1.5500000e+004, -5.0246181e+001,
  1.5750000e+004, -5.7654339e+001,
  1.6000000e+004, -6.1376060e+001,
  1.6250000e+004, -6.3404484e+001,
  1.6500000e+004, -6.4521587e+001,
  1.6750000e+004, -6.5003704e+001,
  1.7000000e+004, -6.5427029e+001,
  1.7250000e+004, -6.5644569e+001,
  1.7500000e+004, -6.5726883e+001,
  1.7750000e+004, -6.5903267e+001,
  1.8000000e+004, -6.5956184e+001,
  1.8250000e+004, -6.6056133e+001,
  1.8500000e+004, -6.6026737e+001,
  1.8750000e+004, -6.6332470e+001,
  1.9000000e+004, -6.6326591e+001,
  1.9250000e+004, -6.6320713e+001,
  1.9500000e+004, -6.6367748e+001,
  1.9750000e+004, -6.6391266e+001,
  2.0000000e+004, -6.6450062e+001,
  2.0250000e+004, -6.6544132e+001,
  2.0500000e+004, -6.6438301e+001,
  2.0750000e+004, -6.6567650e+001,
  2.1000000e+004, -6.6602928e+001,
  2.1250000e+004, -6.6555893e+001,
  2.1500000e+004, -6.6602928e+001,
  2.1750000e+004, -6.6608807e+001,
  2.2000000e+004, -6.6597050e+001,
  2.2250000e+004, -6.6567650e+001,
  2.2500000e+004, -6.6479458e+001,
  2.2750000e+004, -6.6508854e+001,
  2.3000000e+004, -6.6432423e+001,
  2.3250000e+004, -6.6308952e+001,
  2.3500000e+004, -6.6109051e+001,
  2.3750000e+004, -6.5838593e+001,
  2.4000000e+004, -6.5544621e+001,
  2.4250000e+004, -6.5121296e+001,
  2.4500000e+004, -6.4351082e+001,
  2.4750000e+004, -6.3251617e+001,
  2.5000000e+004, -6.1358421e+001,
  2.5250000e+004, -5.7060513e+001,
  2.5500000e+004, -3.5729713e+001,
  2.5750000e+004, -6.4004192e+001,
  2.6000000e+004, -7.3987570e+001,
  2.6250000e+004, -7.9208559e+001,
  2.6500000e+004, -7.7685770e+001,
  2.6750000e+004, -7.6309969e+001,
  2.7000000e+004, -7.4804819e+001,
  2.7250000e+004, -7.4334459e+001,
  2.7500000e+004, -7.3546608e+001,
  2.7750000e+004, -7.3346704e+001,
  2.8000000e+004, -7.3093887e+001,
  2.8250000e+004, -7.2911623e+001,
  2.8500000e+004, -7.2823431e+001,
  2.8750000e+004, -7.2552973e+001,
  2.9000000e+004, -7.2576492e+001,
  2.9250000e+004, -7.2741117e+001,
  2.9500000e+004, -7.2494179e+001,
  2.9750000e+004, -7.2382469e+001,
  3.0000000e+004, -7.2611769e+001,
  3.0250000e+004, -7.2453022e+001,
  3.0500000e+004, -7.2394228e+001,
  3.0750000e+004, -7.2464781e+001,
  3.1000000e+004, -7.2435383e+001,
  3.1250000e+004, -7.2652925e+001,
  3.1500000e+004, -7.2658804e+001,
  3.1750000e+004, -7.2723478e+001,
  3.2000000e+004, -7.2658804e+001,
  3.2250000e+004, -7.3005693e+001,
  3.2500000e+004, -7.2988056e+001,
  3.2750000e+004, -7.3170321e+001,
  3.3000000e+004, -7.3152681e+001,
  3.3250000e+004, -7.3411379e+001,
  3.3500000e+004, -7.3564245e+001,
  3.3750000e+004, -7.3664198e+001,
  3.4000000e+004, -7.3981689e+001,
  3.4250000e+004, -7.4275665e+001,
  3.4500000e+004, -7.4463808e+001,
  3.4750000e+004, -7.4910650e+001,
  3.5000000e+004, -7.4810698e+001,
  3.5250000e+004, -7.2770515e+001,
  3.5500000e+004, -6.4415756e+001,
  3.5750000e+004, -5.3979660e+001,
  3.6000000e+004, -6.4568623e+001,
  3.6250000e+004, -6.7478973e+001,
  3.6500000e+004, -6.8954723e+001,
  3.6750000e+004, -6.9771973e+001,
  3.7000000e+004, -7.0224693e+001,
  3.7250000e+004, -7.0695053e+001,
  3.7500000e+004, -7.0983149e+001,
  3.7750000e+004, -7.1265366e+001,
  3.8000000e+004, -7.1371195e+001,
  3.8250000e+004, -7.1529942e+001,
  3.8500000e+004, -7.1565218e+001,
  3.8750000e+004, -7.1741604e+001,
  3.9000000e+004, -7.1900351e+001,
  3.9250000e+004, -7.2023819e+001,
  3.9500000e+004, -7.2112011e+001,
  3.9750000e+004, -7.2329554e+001,
  4.0000000e+004, -7.2164927e+001,
  4.0250000e+004, -7.2300156e+001,
  4.0500000e+004, -7.2470661e+001,
  4.0750000e+004, -7.2429504e+001,
  4.1000000e+004, -7.2758757e+001,
  4.1250000e+004, -7.2993935e+001,
  4.1500000e+004, -7.2794033e+001,
  4.1750000e+004, -7.2817551e+001,
  4.2000000e+004, -7.2982176e+001,
  4.2250000e+004, -7.2917501e+001,
  4.2500000e+004, -7.3199718e+001,
  4.2750000e+004, -7.3082129e+001,
  4.3000000e+004, -7.3205597e+001,
  4.3250000e+004, -7.3323187e+001,
  4.3500000e+004, -7.3558367e+001,
  4.3750000e+004, -7.3517210e+001,
  4.4000000e+004, -7.3958172e+001,
  4.4250000e+004, -7.3917015e+001,
  4.4500000e+004, -7.4163954e+001,
  4.4750000e+004, -7.4546122e+001,
  4.5000000e+004, -7.5169348e+001,
  4.5250000e+004, -7.5622068e+001,
  4.5500000e+004, -7.5345732e+001,
  4.5750000e+004, -6.5850353e+001,
  4.6000000e+004, -6.2016922e+001,
  4.6250000e+004, -6.7943451e+001,
  4.6500000e+004, -6.9701420e+001,
  4.6750000e+004, -7.0665657e+001,
  4.7000000e+004, -7.1036064e+001,
  4.7250000e+004, -7.1371195e+001,
  4.7500000e+004, -7.1776880e+001,
  4.7750000e+004, -7.1806278e+001,
  4.8000000e+004, -7.1841555e+001,
  4.8250000e+004, -7.2023819e+001,
  4.8500000e+004, -7.2211964e+001,
  4.8750000e+004, -7.2347191e+001,
  4.9000000e+004, -7.2382469e+001,
  4.9250000e+004, -7.2464781e+001,
  4.9500000e+004, -7.2405987e+001,
  4.9750000e+004, -7.2547094e+001,
  5.0000000e+004, -7.2541214e+001,
  5.0250000e+004, -7.2623528e+001,
  5.0500000e+004, -7.2635286e+001,
  5.0750000e+004, -7.2629406e+001,
  5.1000000e+004, -7.2629406e+001,
  5.1250000e+004, -7.2623528e+001,
  5.1500000e+004, -7.2558853e+001,
  5.1750000e+004, -7.2741117e+001,
  5.2000000e+004, -7.2741117e+001,
  5.2250000e+004, -7.2670563e+001,
  5.2500000e+004, -7.2694082e+001,
  5.2750000e+004, -7.2611769e+001,
  5.3000000e+004, -7.2617647e+001,
  5.3250000e+004, -7.2600010e+001,
  5.3500000e+004, -7.2500057e+001,
  5.3750000e+004, -7.2552973e+001,
  5.4000000e+004, -7.2482420e+001,
  5.4250000e+004, -7.2288397e+001,
  5.4500000e+004, -7.2317793e+001,
  5.4750000e+004, -7.2170807e+001,
  5.5000000e+004, -7.1970903e+001,
  5.5250000e+004, -7.1553459e+001,
  5.5500000e+004, -7.0777367e+001,
  5.5750000e+004, -6.9113472e+001,
  5.6000000e+004, -6.0476498e+001,
  5.6250000e+004, -7.3223236e+001,
  5.6500000e+004, -7.5433924e+001,
  5.6750000e+004, -7.5004723e+001,
  5.7000000e+004, -7.4981203e+001,
  5.7250000e+004, -7.4493206e+001,
  5.7500000e+004, -7.4222750e+001,
  5.7750000e+004, -7.3928774e+001,
  5.8000000e+004, -7.3922895e+001,
  5.8250000e+004, -7.3964052e+001,
  5.8500000e+004, -7.3875858e+001,
  5.8750000e+004, -7.3681835e+001,
  5.9000000e+004, -7.3781788e+001,
  5.9250000e+004, -7.3852341e+001,
  5.9500000e+004, -7.3634800e+001,
  5.9750000e+004, -7.3722992e+001,
  6.0000000e+004, -7.3499571e+001,
  6.0250000e+004, -7.3523090e+001,
  6.0500000e+004, -7.3558367e+001,
  6.0750000e+004, -7.3464294e+001,
  6.1000000e+004, -7.3611282e+001,
  6.1250000e+004, -7.3775908e+001,
  6.1500000e+004, -7.3282030e+001,
  6.1750000e+004, -7.3587765e+001,
  6.2000000e+004, -7.3552486e+001,
  6.2250000e+004, -7.3440777e+001,
  6.2500000e+004, -7.3234995e+001,
  6.2750000e+004, -7.3364344e+001,
  6.3000000e+004, -7.3487812e+001,
  6.3250000e+004, -7.3287910e+001,
  6.3500000e+004, -7.3229115e+001,
  6.3750000e+004, -7.3164440e+001,
  6.4000000e+004, -7.3105646e+001,
  6.4250000e+004, -7.2935141e+001,
  6.4500000e+004, -7.3011574e+001,
  6.4750000e+004, -7.2946899e+001,
  6.5000000e+004, -7.2976297e+001,
  6.5250000e+004, -7.2570612e+001,
  6.5500000e+004, -7.2117891e+001,
  6.5750000e+004, -7.1624014e+001,
  6.6000000e+004, -6.9883682e+001,
  6.6250000e+004, -4.9176113e+001,
  6.6500000e+004, -7.5792574e+001,
  6.6750000e+004, -7.5257540e+001,
  6.7000000e+004, -7.4934168e+001,
  6.7250000e+004, -7.4922409e+001,
  6.7500000e+004, -7.4216869e+001,
  6.7750000e+004, -7.4134558e+001,
  6.8000000e+004, -7.3952293e+001,
  6.8250000e+004, -7.4116919e+001,
  6.8500000e+004, -7.3875858e+001,
  6.8750000e+004, -7.3946413e+001,
  6.9000000e+004, -7.3905256e+001,
  6.9250000e+004, -7.3787666e+001,
  6.9500000e+004, -7.3840582e+001,
  6.9750000e+004, -7.3770029e+001,
  7.0000000e+004, -7.3893497e+001,
  7.0250000e+004, -7.3764149e+001,
  7.0500000e+004, -7.3734751e+001,
  7.0750000e+004, -7.3799425e+001,
  7.1000000e+004, -7.3681835e+001,
  7.1250000e+004, -7.3770029e+001,
  7.1500000e+004, -7.3617161e+001,
  7.1750000e+004, -7.3570126e+001,
  7.2000000e+004, -7.3570126e+001,
  7.2250000e+004, -7.3746510e+001,
  7.2500000e+004, -7.3517210e+001,
  7.2750000e+004, -7.3511332e+001,
  7.3000000e+004, -7.3628920e+001,
  7.3250000e+004, -7.3799425e+001,
  7.3500000e+004, -7.3652439e+001,
  7.3750000e+004, -7.3664198e+001,
  7.4000000e+004, -7.3640680e+001,
  7.4250000e+004, -7.3605402e+001,
  7.4500000e+004, -7.3646559e+001,
  7.4750000e+004, -7.3646559e+001,
  7.5000000e+004, -7.3505451e+001,
  7.5250000e+004, -7.3852341e+001,
  7.5500000e+004, -7.3811184e+001,
  7.5750000e+004, -7.3834703e+001,
  7.6000000e+004, -7.3893497e+001,
  7.6250000e+004, -7.3393742e+001,
  7.6500000e+004, -6.2675426e+001,
  7.6750000e+004, -7.1765121e+001,
  7.7000000e+004, -7.2088493e+001,
  7.7250000e+004, -7.2658804e+001,
  7.7500000e+004, -7.2923382e+001,
  7.7750000e+004, -7.3005693e+001,
  7.8000000e+004, -7.2970417e+001,
  7.8250000e+004, -7.3099766e+001,
  7.8500000e+004, -7.2970417e+001,
  7.8750000e+004, -7.3052731e+001,
  7.9000000e+004, -7.3199718e+001,
  7.9250000e+004, -7.2999815e+001,
  7.9500000e+004, -7.3146803e+001,
  7.9750000e+004, -7.2993935e+001,
  8.0000000e+004, -7.2941019e+001,
  8.0250000e+004, -7.2941019e+001,
  8.0500000e+004, -7.3070370e+001,
  8.0750000e+004, -7.2941019e+001,
  8.1000000e+004, -7.2794033e+001,
  8.1250000e+004, -7.2946899e+001,
  8.1500000e+004, -7.2852827e+001,
  8.1750000e+004, -7.3135044e+001,
  8.2000000e+004, -7.2876345e+001,
  8.2250000e+004, -7.2905743e+001,
  8.2500000e+004, -7.2811670e+001,
  8.2750000e+004, -7.2888105e+001,
  8.3000000e+004, -7.2788153e+001,
  8.3250000e+004, -7.3052731e+001,
  8.3500000e+004, -7.2817551e+001,
  8.3750000e+004, -7.2835190e+001,
  8.4000000e+004, -7.3105646e+001,
  8.4250000e+004, -7.2776394e+001,
  8.4500000e+004, -7.3046850e+001,
  8.4750000e+004, -7.3070370e+001,
  8.5000000e+004, -7.2923382e+001,
  8.5250000e+004, -7.3223236e+001,
  8.5500000e+004, -7.3305548e+001,
  8.5750000e+004, -7.3564245e+001,
  8.6000000e+004, -7.3640680e+001,
  8.6250000e+004, -7.4534363e+001,
  8.6500000e+004, -8.0966526e+001,
  8.6750000e+004, -6.6755795e+001,
  8.7000000e+004, -7.0242332e+001,
  8.7250000e+004, -7.1077221e+001,
  8.7500000e+004, -7.1359436e+001,
  8.7750000e+004, -7.1571098e+001,
  8.8000000e+004, -7.1741604e+001,
  8.8250000e+004, -7.1729845e+001,
  8.8500000e+004, -7.1518183e+001,
  8.8750000e+004, -7.1712206e+001,
  8.9000000e+004, -7.1782761e+001,
  8.9250000e+004, -7.1723965e+001,
  8.9500000e+004, -7.1853313e+001,
  8.9750000e+004, -7.1676929e+001,
  9.0000000e+004, -7.1718086e+001,
  9.0250000e+004, -7.1800398e+001,
  9.0500000e+004, -7.1671049e+001,
  9.0750000e+004, -7.1641653e+001,
  9.1000000e+004, -7.1506424e+001,
  9.1250000e+004, -7.1618134e+001,
  9.1500000e+004, -7.1653412e+001,
  9.1750000e+004, -7.1653412e+001,
  9.2000000e+004, -7.1465267e+001,
  9.2250000e+004, -7.1377075e+001,
  9.2500000e+004, -7.1306520e+001,
  9.2750000e+004, -7.1224209e+001,
  9.3000000e+004, -7.1330040e+001,
  9.3250000e+004, -7.1165413e+001,
  9.3500000e+004, -7.1159534e+001,
  9.3750000e+004, -7.1118378e+001,
  9.4000000e+004, -7.1083101e+001,
  9.4250000e+004, -7.1136017e+001,
  9.4500000e+004, -7.0900837e+001,
  9.4750000e+004, -7.0906715e+001,
  9.5000000e+004, -7.0847921e+001,
  9.5250000e+004, -7.0824404e+001,
  9.5500000e+004, -7.0889078e+001,
  9.5750000e+004, -7.0847921e+001,
  9.6000000e+004, -7.0800884e+001,
  9.6250000e+004, -7.0965511e+001,
  9.6500000e+004, -7.1524063e+001,
  9.6750000e+004, -7.3840582e+001,
  9.7000000e+004, -6.8049282e+001,
  9.7250000e+004, -6.9360409e+001,
  9.7500000e+004, -6.9689659e+001,
  9.7750000e+004, -6.9824890e+001,
  9.8000000e+004, -6.9883682e+001,
  9.8250000e+004, -6.9866047e+001,
  9.8500000e+004, -6.9965996e+001,
  9.8750000e+004, -6.9960117e+001,
  9.9000000e+004, -7.0018913e+001,
  9.9250000e+004, -6.9942478e+001,
  9.9500000e+004, -6.9719059e+001,
  9.9750000e+004, -7.0018913e+001,
