  0.0000000e+000, -5.9230045e+001,
  2.5000000e+002, -5.8777325e+001,
  5.0000000e+002, -5.8753807e+001,
  7.5000000e+002, -5.8689133e+001,
  1.0000000e+003, -5.8618576e+001,
  1.2500000e+003, -5.8553902e+001,
  1.5000000e+003, -5.8500988e+001,
  1.7500000e+003, -5.8377518e+001,
  2.0000000e+003, -5.8254047e+001,
  2.2500000e+003, -5.8171738e+001,
  2.5000000e+003, -5.8018867e+001,
  2.7500000e+003, -5.7866001e+001,
  3.0000000e+003, -5.7707256e+001,
  3.2500000e+003, -5.7589664e+001,
  3.5000000e+003, -5.7401524e+001,
  3.7500000e+003, -5.7242775e+001,
  4.0000000e+003, -5.7025234e+001,
  4.2500000e+003, -5.6813572e+001,
  4.5000000e+003, -5.6566635e+001,
  4.7500000e+003, -5.6366734e+001,
  5.0000000e+003, -5.6090397e+001,
  5.2500000e+003, -5.5802299e+001,
  5.5000000e+003, -5.5514206e+001,
  5.7500000e+003, -5.5214352e+001,
  6.0000000e+003, -5.4861584e+001,
  6.2500000e+003, -5.4402981e+001,
  6.5000000e+003, -5.4132526e+001,
  6.7500000e+003, -5.3756237e+001,
  7.0000000e+003, -5.3268238e+001,
  7.2500000e+003, -5.2803761e+001,
  7.5000000e+003, -5.2274605e+001,
  7.7500000e+003, -5.1733692e+001,
  8.0000000e+003, -5.1133984e+001,
  8.2500000e+003, -5.0463722e+001,
  8.5000000e+003, -4.9722904e+001,
  8.7500000e+003, -4.8899776e+001,
  9.0000000e+003, -4.7982574e+001,
  9.2500000e+003, -4.6936028e+001,
  9.5000000e+003, -4.5724850e+001,
  9.7500000e+003, -4.4307896e+001,
  1.0000000e+004, -4.2579323e+001,
  1.0250000e+004, -4.0374512e+001,
  1.0500000e+004, -3.7393608e+001,
  1.0750000e+004, -3.2731171e+001,
  1.1000000e+004, -2.1707123e+001,
  1.1250000e+004, -2.5711060e+001,
  1.1500000e+004, -3.4165771e+001,
  1.1750000e+004, -3.8410763e+001,
  1.2000000e+004, -4.1268196e+001,
  1.2250000e+004, -4.3420090e+001,
  1.2500000e+004, -4.5136902e+001,
  1.2750000e+004, -4.6624413e+001,
  1.3000000e+004, -4.7906143e+001,
  1.3250000e+004, -4.9017368e+001,
  1.3500000e+004, -4.9993362e+001,
  1.3750000e+004, -5.0892925e+001,
  1.4000000e+004, -5.1716053e+001,
  1.4250000e+004, -5.2474506e+001,
  1.4500000e+004, -5.3168289e+001,
  1.4750000e+004, -5.3803272e+001,
  1.5000000e+004, -5.4414742e+001,
  1.5250000e+004, -5.4990932e+001,
  1.5500000e+004, -5.5531845e+001,
  1.5750000e+004, -5.6019840e+001,
  1.6000000e+004, -5.6507839e+001,
  1.6250000e+004, -5.6984077e+001,
  1.6500000e+004, -5.7442680e+001,
  1.6750000e+004, -5.7830727e+001,
  1.7000000e+004, -5.8224651e+001,
  1.7250000e+004, -5.8659733e+001,
  1.7500000e+004, -5.9000744e+001,
  1.7750000e+004, -5.9359394e+001,
  1.8000000e+004, -5.9700405e+001,
  1.8250000e+004, -6.0023777e+001,
  1.8500000e+004, -6.0323631e+001,
  1.8750000e+004, -6.0782230e+001,
  1.9000000e+004, -6.0958614e+001,
  1.9250000e+004, -6.1234951e+001,
  1.9500000e+004, -6.1558323e+001,
  1.9750000e+004, -6.1817020e+001,
  2.0000000e+004, -6.2069839e+001,
  2.0250000e+004, -6.2363815e+001,
  2.0500000e+004, -6.2557838e+001,
  2.0750000e+004, -6.2840054e+001,
  2.1000000e+004, -6.3057594e+001,
  2.1250000e+004, -6.3357449e+001,
  2.1500000e+004, -6.3598507e+001,
  2.1750000e+004, -6.3721977e+001,
  2.2000000e+004, -6.3974796e+001,
  2.2250000e+004, -6.4321686e+001,
  2.2500000e+004, -6.4398117e+001,
  2.2750000e+004, -6.4627419e+001,
  2.3000000e+004, -6.4709732e+001,
  2.3250000e+004, -6.5033104e+001,
  2.3500000e+004, -6.5221249e+001,
  2.3750000e+004, -6.5362354e+001,
  2.4000000e+004, -6.5579895e+001,
  2.4250000e+004, -6.5803318e+001,
  2.4500000e+004, -6.5909149e+001,
  2.4750000e+004, -6.6114929e+001,
  2.5000000e+004, -6.6244278e+001,
  2.5250000e+004, -6.6450062e+001,
  2.5500000e+004, -6.6614685e+001,
  2.5750000e+004, -6.6755795e+001,
  2.6000000e+004, -6.6967457e+001,
  2.6250000e+004, -6.7102684e+001,
  2.6500000e+004, -6.7296707e+001,
  2.6750000e+004, -6.7331985e+001,
  2.7000000e+004, -6.7655357e+001,
  2.7250000e+004, -6.7649479e+001,
  2.7500000e+004, -6.7761189e+001,
  2.7750000e+004, -6.7966969e+001,
  2.8000000e+004, -6.8184509e+001,
  2.8250000e+004, -6.8213909e+001,
  2.8500000e+004, -6.8272705e+001,
  2.8750000e+004, -6.8513763e+001,
  2.9000000e+004, -6.8666630e+001,
  2.9250000e+004, -6.8813618e+001,
  2.9500000e+004, -6.8848892e+001,
  2.9750000e+004, -6.9025280e+001,
  3.0000000e+004, -6.9101711e+001,
  3.0250000e+004, -6.9231060e+001,
  3.0500000e+004, -6.9336891e+001,
  3.0750000e+004, -6.9507397e+001,
  3.1000000e+004, -6.9595589e+001,
  3.1250000e+004, -6.9689659e+001,
  3.1500000e+004, -6.9830769e+001,
  3.1750000e+004, -6.9965996e+001,
  3.2000000e+004, -6.9971878e+001,
  3.2250000e+004, -7.0183537e+001,
  3.2500000e+004, -7.0330524e+001,
  3.2750000e+004, -7.0342285e+001,
  3.3000000e+004, -7.0336407e+001,
  3.3250000e+004, -7.0389320e+001,
  3.3500000e+004, -7.0553946e+001,
  3.3750000e+004, -7.0765608e+001,
  3.4000000e+004, -7.0842041e+001,
  3.4250000e+004, -7.0806765e+001,
  3.4500000e+004, -7.1136017e+001,
  3.4750000e+004, -7.1206570e+001,
  3.5000000e+004, -7.1241846e+001,
  3.5250000e+004, -7.1406473e+001,
  3.5500000e+004, -7.1394714e+001,
  3.5750000e+004, -7.1441750e+001,
  3.6000000e+004, -7.1618134e+001,
  3.6250000e+004, -7.1688688e+001,
  3.6500000e+004, -7.1688688e+001,
  3.6750000e+004, -7.1947386e+001,
  3.7000000e+004, -7.1929747e+001,
  3.7250000e+004, -7.2017941e+001,
  3.7500000e+004, -7.2170807e+001,
  3.7750000e+004, -7.2141409e+001,
  3.8000000e+004, -7.2294275e+001,
  3.8250000e+004, -7.2494179e+001,
  3.8500000e+004, -7.2500057e+001,
  3.8750000e+004, -7.2482420e+001,
  3.9000000e+004, -7.2641167e+001,
  3.9250000e+004, -7.2588251e+001,
  3.9500000e+004, -7.2729359e+001,
  3.9750000e+004, -7.2794033e+001,
  4.0000000e+004, -7.2799911e+001,
  4.0250000e+004, -7.2846949e+001,
  4.0500000e+004, -7.3005693e+001,
  4.0750000e+004, -7.2923382e+001,
  4.1000000e+004, -7.2999815e+001,
  4.1250000e+004, -7.2993935e+001,
  4.1500000e+004, -7.3111525e+001,
  4.1750000e+004, -7.3282030e+001,
  4.2000000e+004, -7.3434896e+001,
  4.2250000e+004, -7.3499571e+001,
  4.2500000e+004, -7.3446657e+001,
  4.2750000e+004, -7.3499571e+001,
  4.3000000e+004, -7.3587765e+001,
  4.3250000e+004, -7.3752390e+001,
  4.3500000e+004, -7.3711233e+001,
  4.3750000e+004, -7.3799425e+001,
  4.4000000e+004, -7.3764149e+001,
  4.4250000e+004, -7.3946413e+001,
  4.4500000e+004, -7.4022846e+001,
  4.4750000e+004, -7.3899378e+001,
  4.5000000e+004, -7.4011087e+001,
  4.5250000e+004, -7.3946413e+001,
  4.5500000e+004, -7.4146317e+001,
  4.5750000e+004, -7.4081642e+001,
  4.6000000e+004, -7.4252146e+001,
  4.6250000e+004, -7.4087521e+001,
  4.6500000e+004, -7.4334459e+001,
  4.6750000e+004, -7.4169834e+001,
  4.7000000e+004, -7.4452049e+001,
  4.7250000e+004, -7.4369736e+001,
  4.7500000e+004, -7.4263906e+001,
  4.7750000e+004, -7.4516724e+001,
  4.8000000e+004, -7.4369736e+001,
  4.8250000e+004, -7.4363857e+001,
  4.8500000e+004, -7.4328581e+001,
  4.8750000e+004, -7.4851854e+001,
  4.9000000e+004, -7.4757784e+001,
  4.9250000e+004, -7.4704868e+001,
  4.9500000e+004, -7.4810698e+001,
  4.9750000e+004, -7.4722506e+001,
  5.0000000e+004, -7.4916529e+001,
  5.0250000e+004, -7.4940048e+001,
  5.0500000e+004, -7.4893011e+001,
  5.0750000e+004, -7.4940048e+001,
  5.1000000e+004, -7.4969444e+001,
  5.1250000e+004, -7.4910650e+001,
  5.1500000e+004, -7.4810698e+001,
  5.1750000e+004, -7.4875372e+001,
  5.2000000e+004, -7.5157589e+001,
  5.2250000e+004, -7.5216383e+001,
  5.2500000e+004, -7.5075275e+001,
  5.2750000e+004, -7.5216383e+001,
  5.3000000e+004, -7.5198746e+001,
  5.3250000e+004, -7.5122311e+001,
  5.3500000e+004, -7.5169348e+001,
  5.3750000e+004, -7.5245781e+001,
  5.4000000e+004, -7.5298697e+001,
  5.4250000e+004, -7.5204624e+001,
  5.4500000e+004, -7.5081156e+001,
  5.4750000e+004, -7.5381010e+001,
  5.5000000e+004, -7.5269299e+001,
  5.5250000e+004, -7.5216383e+001,
  5.5500000e+004, -7.5633827e+001,
  5.5750000e+004, -7.5533876e+001,
  5.6000000e+004, -7.5569153e+001,
  5.6250000e+004, -7.5445684e+001,
  5.6500000e+004, -7.5598551e+001,
  5.6750000e+004, -7.5539755e+001,
  5.7000000e+004, -7.5416286e+001,
  5.7250000e+004, -7.5622068e+001,
  5.7500000e+004, -7.5422165e+001,
  5.7750000e+004, -7.5510359e+001,
  5.8000000e+004, -7.5416286e+001,
  5.8250000e+004, -7.5416286e+001,
  5.8500000e+004, -7.5363371e+001,
  5.8750000e+004, -7.5769056e+001,
  5.9000000e+004, -7.5639708e+001,
  5.9250000e+004, -7.5504478e+001,
  5.9500000e+004, -7.5745537e+001,
  5.9750000e+004, -7.5792574e+001,
  6.0000000e+004, -7.5522118e+001,
  6.0250000e+004, -7.5633827e+001,
  6.0500000e+004, -7.5669104e+001,
  6.0750000e+004, -7.5692623e+001,
  6.1000000e+004, -7.5898405e+001,
  6.1250000e+004, -7.5645586e+001,
  6.1500000e+004, -7.5722019e+001,
  6.1750000e+004, -7.5622068e+001,
  6.2000000e+004, -7.5921923e+001,
  6.2250000e+004, -7.5951321e+001,
  6.2500000e+004, -7.5798452e+001,
  6.2750000e+004, -7.5921923e+001,
  6.3000000e+004, -7.5792574e+001,
  6.3250000e+004, -7.5898405e+001,
  6.3500000e+004, -7.5692623e+001,
  6.3750000e+004, -7.5974838e+001,
  6.4000000e+004, -7.5874886e+001,
  6.4250000e+004, -7.5945440e+001,
  6.4500000e+004, -7.6021873e+001,
  6.4750000e+004, -7.6027754e+001,
  6.5000000e+004, -7.5863127e+001,
  6.5250000e+004, -7.5745537e+001,
  6.5500000e+004, -7.6121824e+001,
  6.5750000e+004, -7.5892525e+001,
  6.6000000e+004, -7.5845490e+001,
  6.6250000e+004, -7.5945440e+001,
  6.6500000e+004, -7.5839609e+001,
  6.6750000e+004, -7.6033632e+001,
  6.7000000e+004, -7.6145344e+001,
  6.7250000e+004, -7.6121824e+001,
  6.7500000e+004, -7.6180620e+001,
  6.7750000e+004, -7.5674984e+001,
  6.8000000e+004, -7.6092428e+001,
  6.8250000e+004, -7.5951321e+001,
  6.8500000e+004, -7.6121824e+001,
  6.8750000e+004, -7.5898405e+001,
  6.9000000e+004, -7.5980717e+001,
  6.9250000e+004, -7.6121824e+001,
  6.9500000e+004, -7.5904284e+001,
  6.9750000e+004, -7.5869007e+001,
  7.0000000e+004, -7.6010115e+001,
  7.0250000e+004, -7.6268812e+001,
  7.0500000e+004, -7.6192379e+001,
  7.0750000e+004, -7.6162981e+001,
  7.1000000e+004, -7.5833731e+001,
  7.1250000e+004, -7.6021873e+001,
  7.1500000e+004, -7.6057150e+001,
  7.1750000e+004, -7.6045391e+001,
  7.2000000e+004, -7.6168861e+001,
  7.2250000e+004, -7.5798452e+001,
  7.2500000e+004, -7.5957199e+001,
  7.2750000e+004, -7.6215897e+001,
  7.3000000e+004, -7.5951321e+001,
  7.3250000e+004, -7.5863127e+001,
  7.3500000e+004, -7.5874886e+001,
  7.3750000e+004, -7.5998356e+001,
  7.4000000e+004, -7.5998356e+001,
  7.4250000e+004, -7.5927801e+001,
  7.4500000e+004, -7.5857248e+001,
  7.4750000e+004, -7.5998356e+001,
  7.5000000e+004, -7.6021873e+001,
  7.5250000e+004, -7.5916042e+001,
  7.5500000e+004, -7.6233536e+001,
  7.5750000e+004, -7.5945440e+001,
  7.6000000e+004, -7.5674984e+001,
  7.6250000e+004, -7.6004236e+001,
  7.6500000e+004, -7.6221777e+001,
  7.6750000e+004, -7.5986597e+001,
  7.7000000e+004, -7.5992476e+001,
  7.7250000e+004, -7.5880766e+001,
  7.7500000e+004, -7.5751417e+001,
  7.7750000e+004, -7.5821972e+001,
  7.8000000e+004, -7.5833731e+001,
  7.8250000e+004, -7.5845490e+001,
  7.8500000e+004, -7.6162981e+001,
  7.8750000e+004, -7.5839609e+001,
  7.9000000e+004, -7.6086548e+001,
  7.9250000e+004, -7.5792574e+001,
  7.9500000e+004, -7.5804333e+001,
  7.9750000e+004, -7.5674984e+001,
  8.0000000e+004, -7.5757298e+001,
  8.0250000e+004, -7.5821972e+001,
  8.0500000e+004, -7.5692623e+001,
  8.0750000e+004, -7.5510359e+001,
  8.1000000e+004, -7.5651466e+001,
  8.1250000e+004, -7.5598551e+001,
  8.1500000e+004, -7.5557394e+001,
  8.1750000e+004, -7.5651466e+001,
  8.2000000e+004, -7.5551514e+001,
  8.2250000e+004, -7.5716141e+001,
  8.2500000e+004, -7.5551514e+001,
  8.2750000e+004, -7.5504478e+001,
  8.3000000e+004, -7.5633827e+001,
  8.3250000e+004, -7.5451563e+001,
  8.3500000e+004, -7.5504478e+001,
  8.3750000e+004, -7.5839609e+001,
  8.4000000e+004, -7.5186985e+001,
  8.4250000e+004, -7.5457443e+001,
  8.4500000e+004, -7.5433924e+001,
  8.4750000e+004, -7.5433924e+001,
  8.5000000e+004, -7.5257540e+001,
  8.5250000e+004, -7.5422165e+001,
  8.5500000e+004, -7.5539755e+001,
  8.5750000e+004, -7.5275179e+001,
  8.6000000e+004, -7.5175226e+001,
  8.6250000e+004, -7.5163467e+001,
  8.6500000e+004, -7.5063517e+001,
  8.6750000e+004, -7.5134071e+001,
  8.7000000e+004, -7.5122311e+001,
  8.7250000e+004, -7.5075275e+001,
  8.7500000e+004, -7.5134071e+001,
  8.7750000e+004, -7.5034119e+001,
  8.8000000e+004, -7.4975325e+001,
  8.8250000e+004, -7.4816578e+001,
  8.8500000e+004, -7.4704868e+001,
  8.8750000e+004, -7.4734264e+001,
  8.9000000e+004, -7.4746023e+001,
  8.9250000e+004, -7.4646072e+001,
  8.9500000e+004, -7.4646072e+001,
  8.9750000e+004, -7.4857735e+001,
  9.0000000e+004, -7.4693110e+001,
  9.0250000e+004, -7.4499084e+001,
  9.0500000e+004, -7.4328581e+001,
  9.0750000e+004, -7.4504965e+001,
  9.1000000e+004, -7.4698988e+001,
  9.1250000e+004, -7.4263906e+001,
  9.1500000e+004, -7.4040485e+001,
  9.1750000e+004, -7.4263906e+001,
  9.2000000e+004, -7.4181593e+001,
  9.2250000e+004, -7.4246267e+001,
  9.2500000e+004, -7.3887619e+001,
  9.2750000e+004, -7.3858221e+001,
  9.3000000e+004, -7.3905256e+001,
  9.3250000e+004, -7.3834703e+001,
  9.3500000e+004, -7.3746510e+001,
  9.3750000e+004, -7.3746510e+001,
  9.4000000e+004, -7.3581884e+001,
  9.4250000e+004, -7.3505451e+001,
  9.4500000e+004, -7.3405500e+001,
  9.4750000e+004, -7.3146803e+001,
  9.5000000e+004, -7.3223236e+001,
  9.5250000e+004, -7.3099766e+001,
  9.5500000e+004, -7.3070370e+001,
  9.5750000e+004, -7.3064489e+001,
  9.6000000e+004, -7.2670563e+001,
  9.6250000e+004, -7.2882225e+001,
  9.6500000e+004, -7.2564732e+001,
  9.6750000e+004, -7.2694082e+001,
  9.7000000e+004, -7.2611769e+001,
  9.7250000e+004, -7.2505938e+001,
  9.7500000e+004, -7.2323673e+001,
  9.7750000e+004, -7.2170807e+001,
  9.8000000e+004, -7.2241360e+001,
  9.8250000e+004, -7.2270758e+001,
  9.8500000e+004, -7.2088493e+001,
  9.8750000e+004, -7.2029699e+001,
  9.9000000e+004, -7.1935627e+001,
  9.9250000e+004, -7.1959145e+001,
  9.9500000e+004, -7.2000301e+001,
  9.9750000e+004, -7.1782761e+001,
