  0.0000000e+000, -6.0735195e+001,
  2.5000000e+002, -6.0923340e+001,
  5.0000000e+002, -6.0823387e+001,
  7.5000000e+002, -6.0776352e+001,
  1.0000000e+003, -6.0635242e+001,
  1.2500000e+003, -6.0570568e+001,
  1.5000000e+003, -6.0529411e+001,
  1.7500000e+003, -6.0400063e+001,
  2.0000000e+003, -6.0253075e+001,
  2.2500000e+003, -6.0111969e+001,
  2.5000000e+003, -5.9988499e+001,
  2.7500000e+003, -5.9788597e+001,
  3.0000000e+003, -5.9635731e+001,
  3.2500000e+003, -5.9465225e+001,
  3.5000000e+003, -5.9265320e+001,
  3.7500000e+003, -5.9041901e+001,
  4.0000000e+003, -5.8800842e+001,
  4.2500000e+003, -5.8571541e+001,
  4.5000000e+003, -5.8330482e+001,
  4.7500000e+003, -5.8071785e+001,
  5.0000000e+003, -5.7783691e+001,
  5.2500000e+003, -5.7477955e+001,
  5.5000000e+003, -5.7142826e+001,
  5.7500000e+003, -5.6825333e+001,
  6.0000000e+003, -5.6431408e+001,
  6.2500000e+003, -5.6790054e+001,
  6.5000000e+003, -5.5625916e+001,
  6.7500000e+003, -5.5179073e+001,
  7.0000000e+003, -5.4738113e+001,
  7.2500000e+003, -5.4208958e+001,
  7.5000000e+003, -5.3673923e+001,
  7.7500000e+003, -5.3062458e+001,
  8.0000000e+003, -5.2439232e+001,
  8.2500000e+003, -5.1739571e+001,
  8.5000000e+003, -5.0969357e+001,
  8.7500000e+003, -5.0122711e+001,
  9.0000000e+003, -4.9164352e+001,
  9.2500000e+003, -4.8094288e+001,
  9.5000000e+003, -4.6853714e+001,
  9.7500000e+003, -4.5401478e+001,
  1.0000000e+004, -4.3631752e+001,
  1.0250000e+004, -4.1409306e+001,
  1.0500000e+004, -3.8387245e+001,
  1.0750000e+004, -3.3689529e+001,
  1.1000000e+004, -2.2630203e+001,
  1.1250000e+004, -2.6610626e+001,
  1.1500000e+004, -3.5035934e+001,
  1.1750000e+004, -3.9239773e+001,
  1.2000000e+004, -4.2067806e+001,
  1.2250000e+004, -4.4196182e+001,
  1.2500000e+004, -4.5930634e+001,
  1.2750000e+004, -4.7353470e+001,
  1.3000000e+004, -4.8582283e+001,
  1.3250000e+004, -4.9658230e+001,
  1.3500000e+004, -5.0622467e+001,
  1.3750000e+004, -5.1486755e+001,
  1.4000000e+004, -5.2256966e+001,
  1.4250000e+004, -5.2980145e+001,
  1.4500000e+004, -5.3656284e+001,
  1.4750000e+004, -5.4279510e+001,
  1.5000000e+004, -5.4849823e+001,
  1.5250000e+004, -5.5384857e+001,
  1.5500000e+004, -5.5908131e+001,
  1.5750000e+004, -5.6372612e+001,
  1.6000000e+004, -5.6866489e+001,
  1.6250000e+004, -5.7272175e+001,
  1.6500000e+004, -5.7695496e+001,
  1.6750000e+004, -5.8071785e+001,
  1.7000000e+004, -5.8442192e+001,
  1.7250000e+004, -5.8806721e+001,
  1.7500000e+004, -5.9130093e+001,
  1.7750000e+004, -5.9441708e+001,
  1.8000000e+004, -5.9794476e+001,
  1.8250000e+004, -6.0123726e+001,
  1.8500000e+004, -6.0405945e+001,
  1.8750000e+004, -6.0741074e+001,
  1.9000000e+004, -6.0958614e+001,
  1.9250000e+004, -6.1187916e+001,
  1.9500000e+004, -6.1499527e+001,
  1.9750000e+004, -6.1752346e+001,
  2.0000000e+004, -6.1987526e+001,
  2.0250000e+004, -6.2234467e+001,
  2.0500000e+004, -6.2481403e+001,
  2.0750000e+004, -6.2704823e+001,
  2.1000000e+004, -6.2951763e+001,
  2.1250000e+004, -6.3110508e+001,
  2.1500000e+004, -6.3316292e+001,
  2.1750000e+004, -6.3569111e+001,
  2.2000000e+004, -6.3727856e+001,
  2.2250000e+004, -6.3598507e+001,
  2.2500000e+004, -6.4021832e+001,
  2.2750000e+004, -6.4215855e+001,
  2.3000000e+004, -6.4403999e+001,
  2.3250000e+004, -6.4580383e+001,
  2.3500000e+004, -6.4833202e+001,
  2.3750000e+004, -6.4933151e+001,
  2.4000000e+004, -6.5056622e+001,
  2.4250000e+004, -6.5280041e+001,
  2.4500000e+004, -6.5291801e+001,
  2.4750000e+004, -6.5579895e+001,
  2.5000000e+004, -6.5691605e+001,
  2.5250000e+004, -6.5844475e+001,
  2.5500000e+004, -6.6056133e+001,
  2.5750000e+004, -6.6203121e+001,
  2.6000000e+004, -6.6238400e+001,
  2.6250000e+004, -6.6455940e+001,
  2.6500000e+004, -6.6514736e+001,
  2.6750000e+004, -6.6761673e+001,
  2.7000000e+004, -6.6908661e+001,
  2.7250000e+004, -6.7008614e+001,
  2.7500000e+004, -6.7167358e+001,
  2.7750000e+004, -6.7226154e+001,
  2.8000000e+004, -6.7343742e+001,
  2.8250000e+004, -6.7420177e+001,
  2.8500000e+004, -6.7561283e+001,
  2.8750000e+004, -6.7696514e+001,
  2.9000000e+004, -6.7749428e+001,
  2.9250000e+004, -6.7908176e+001,
  2.9500000e+004, -6.8055161e+001,
  2.9750000e+004, -6.8137474e+001,
  3.0000000e+004, -6.8255066e+001,
  3.0250000e+004, -6.8437328e+001,
  3.0500000e+004, -6.8443207e+001,
  3.0750000e+004, -6.8472607e+001,
  3.1000000e+004, -6.8631351e+001,
  3.1250000e+004, -6.8684269e+001,
  3.1500000e+004, -6.8772461e+001,
  3.1750000e+004, -6.9007641e+001,
  3.2000000e+004, -6.9113472e+001,
  3.2250000e+004, -6.9125229e+001,
  3.2500000e+004, -6.9242821e+001,
  3.2750000e+004, -6.9289856e+001,
  3.3000000e+004, -6.9348652e+001,
  3.3250000e+004, -6.9695541e+001,
  3.3500000e+004, -6.9501518e+001,
  3.3750000e+004, -6.9513275e+001,
  3.4000000e+004, -6.9801373e+001,
  3.4250000e+004, -6.9924839e+001,
  3.4500000e+004, -6.9813129e+001,
  3.4750000e+004, -6.9889565e+001,
  3.5000000e+004, -6.9936600e+001,
  3.5250000e+004, -7.0142384e+001,
  3.5500000e+004, -7.0054188e+001,
  3.5750000e+004, -7.0236454e+001,
  3.6000000e+004, -7.0406960e+001,
  3.6250000e+004, -7.0430477e+001,
  3.6500000e+004, -7.0542187e+001,
  3.6750000e+004, -7.0630379e+001,
  3.7000000e+004, -7.0512791e+001,
  3.7250000e+004, -7.0718573e+001,
  3.7500000e+004, -7.0677416e+001,
  3.7750000e+004, -7.0859680e+001,
  3.8000000e+004, -7.0883198e+001,
  3.8250000e+004, -7.0994907e+001,
  3.8500000e+004, -7.1065462e+001,
  3.8750000e+004, -7.1100739e+001,
  3.9000000e+004, -7.1294762e+001,
  3.9250000e+004, -7.1171293e+001,
  3.9500000e+004, -7.1365316e+001,
  3.9750000e+004, -7.1324160e+001,
  4.0000000e+004, -7.1418232e+001,
  4.0250000e+004, -7.1512304e+001,
  4.0500000e+004, -7.1418232e+001,
  4.0750000e+004, -7.1471148e+001,
  4.1000000e+004, -7.1500544e+001,
  4.1250000e+004, -7.1635773e+001,
  4.1500000e+004, -7.1671049e+001,
  4.1750000e+004, -7.1729845e+001,
  4.2000000e+004, -7.1741604e+001,
  4.2250000e+004, -7.1729845e+001,
  4.2500000e+004, -7.1894470e+001,
  4.2750000e+004, -7.1976784e+001,
  4.3000000e+004, -7.1912109e+001,
  4.3250000e+004, -7.2047337e+001,
  4.3500000e+004, -7.1988543e+001,
  4.3750000e+004, -7.1888592e+001,
  4.4000000e+004, -7.2182566e+001,
  4.4250000e+004, -7.2106133e+001,
  4.4500000e+004, -7.2211964e+001,
  4.4750000e+004, -7.2311914e+001,
  4.5000000e+004, -7.2400106e+001,
  4.5250000e+004, -7.2358950e+001,
  4.5500000e+004, -7.2441263e+001,
  4.5750000e+004, -7.2364830e+001,
  4.6000000e+004, -7.2447144e+001,
  4.6250000e+004, -7.2482420e+001,
  4.6500000e+004, -7.2476540e+001,
  4.6750000e+004, -7.2582371e+001,
  4.7000000e+004, -7.2629406e+001,
  4.7250000e+004, -7.2541214e+001,
  4.7500000e+004, -7.2652925e+001,
  4.7750000e+004, -7.2600010e+001,
  4.8000000e+004, -7.2652925e+001,
  4.8250000e+004, -7.2629406e+001,
  4.8500000e+004, -7.2811670e+001,
  4.8750000e+004, -7.2741117e+001,
  4.9000000e+004, -7.2570612e+001,
  4.9250000e+004, -7.2705841e+001,
  4.9500000e+004, -7.2852827e+001,
  4.9750000e+004, -7.2835190e+001,
  5.0000000e+004, -7.2764635e+001,
  5.0250000e+004, -7.2946899e+001,
  5.0500000e+004, -7.2829309e+001,
  5.0750000e+004, -7.3064489e+001,
  5.1000000e+004, -7.2976297e+001,
  5.1250000e+004, -7.2982176e+001,
  5.1500000e+004, -7.2711720e+001,
  5.1750000e+004, -7.3017454e+001,
  5.2000000e+004, -7.3052731e+001,
  5.2250000e+004, -7.2964539e+001,
  5.2500000e+004, -7.2935141e+001,
  5.2750000e+004, -7.3311428e+001,
  5.3000000e+004, -7.3052731e+001,
  5.3250000e+004, -7.3058609e+001,
  5.3500000e+004, -7.2911623e+001,
  5.3750000e+004, -7.3311428e+001,
  5.4000000e+004, -7.3223236e+001,
  5.4250000e+004, -7.3146803e+001,
  5.4500000e+004, -7.3135044e+001,
  5.4750000e+004, -7.3246754e+001,
  5.5000000e+004, -7.3246754e+001,
  5.5250000e+004, -7.3111525e+001,
  5.5500000e+004, -7.3299669e+001,
  5.5750000e+004, -7.3282030e+001,
  5.6000000e+004, -7.3252632e+001,
  5.6250000e+004, -7.3405500e+001,
  5.6500000e+004, -7.3217356e+001,
  5.6750000e+004, -7.3358463e+001,
  5.7000000e+004, -7.3470175e+001,
  5.7250000e+004, -7.3387861e+001,
  5.7500000e+004, -7.3493692e+001,
  5.7750000e+004, -7.3658318e+001,
  5.8000000e+004, -7.3358463e+001,
  5.8250000e+004, -7.3458416e+001,
  5.8500000e+004, -7.3199718e+001,
  5.8750000e+004, -7.3393742e+001,
  5.9000000e+004, -7.3311428e+001,
  5.9250000e+004, -7.3305548e+001,
  5.9500000e+004, -7.3452536e+001,
  5.9750000e+004, -7.3576006e+001,
  6.0000000e+004, -7.3429018e+001,
  6.0250000e+004, -7.3381983e+001,
  6.0500000e+004, -7.3581884e+001,
  6.0750000e+004, -7.3840582e+001,
  6.1000000e+004, -7.3370222e+001,
  6.1250000e+004, -7.3528969e+001,
  6.1500000e+004, -7.3593643e+001,
  6.1750000e+004, -7.3452536e+001,
  6.2000000e+004, -7.3423138e+001,
  6.2250000e+004, -7.3558367e+001,
  6.2500000e+004, -7.3364344e+001,
  6.2750000e+004, -7.3464294e+001,
  6.3000000e+004, -7.3705355e+001,
  6.3250000e+004, -7.3452536e+001,
  6.3500000e+004, -7.3511332e+001,
  6.3750000e+004, -7.3364344e+001,
  6.4000000e+004, -7.3252632e+001,
  6.4250000e+004, -7.3640680e+001,
  6.4500000e+004, -7.3605402e+001,
  6.4750000e+004, -7.3576006e+001,
  6.5000000e+004, -7.3681835e+001,
  6.5250000e+004, -7.3464294e+001,
  6.5500000e+004, -7.3540728e+001,
  6.5750000e+004, -7.3393742e+001,
  6.6000000e+004, -7.3487812e+001,
  6.6250000e+004, -7.3746510e+001,
  6.6500000e+004, -7.3740631e+001,
  6.6750000e+004, -7.3434896e+001,
  6.7000000e+004, -7.3458416e+001,
  6.7250000e+004, -7.3446657e+001,
  6.7500000e+004, -7.3528969e+001,
  6.7750000e+004, -7.3687716e+001,
  6.8000000e+004, -7.3481934e+001,
  6.8250000e+004, -7.3505451e+001,
  6.8500000e+004, -7.3540728e+001,
  6.8750000e+004, -7.3517210e+001,
  6.9000000e+004, -7.3775908e+001,
  6.9250000e+004, -7.3664198e+001,
  6.9500000e+004, -7.3540728e+001,
  6.9750000e+004, -7.3405500e+001,
  7.0000000e+004, -7.3534849e+001,
  7.0250000e+004, -7.3576006e+001,
  7.0500000e+004, -7.3576006e+001,
  7.0750000e+004, -7.3476053e+001,
  7.1000000e+004, -7.3770029e+001,
  7.1250000e+004, -7.3481934e+001,
  7.1500000e+004, -7.3470175e+001,
  7.1750000e+004, -7.3423138e+001,
  7.2000000e+004, -7.3523090e+001,
  7.2250000e+004, -7.3458416e+001,
  7.2500000e+004, -7.3546608e+001,
  7.2750000e+004, -7.3523090e+001,
  7.3000000e+004, -7.3464294e+001,
  7.3250000e+004, -7.3434896e+001,
  7.3500000e+004, -7.3423138e+001,
  7.3750000e+004, -7.3587765e+001,
  7.4000000e+004, -7.3528969e+001,
  7.4250000e+004, -7.3534849e+001,
  7.4500000e+004, -7.3493692e+001,
  7.4750000e+004, -7.3452536e+001,
  7.5000000e+004, -7.3387861e+001,
  7.5250000e+004, -7.3540728e+001,
  7.5500000e+004, -7.3387861e+001,
  7.5750000e+004, -7.3364344e+001,
  7.6000000e+004, -7.3346704e+001,
  7.6250000e+004, -7.3393742e+001,
  7.6500000e+004, -7.3399620e+001,
  7.6750000e+004, -7.3476053e+001,
  7.7000000e+004, -7.3234995e+001,
  7.7250000e+004, -7.3487812e+001,
  7.7500000e+004, -7.3264393e+001,
  7.7750000e+004, -7.3117405e+001,
  7.8000000e+004, -7.3370222e+001,
  7.8250000e+004, -7.3329067e+001,
  7.8500000e+004, -7.3023333e+001,
  7.8750000e+004, -7.3317307e+001,
  7.9000000e+004, -7.3123283e+001,
  7.9250000e+004, -7.3046850e+001,
  7.9500000e+004, -7.3152681e+001,
  7.9750000e+004, -7.3217356e+001,
  8.0000000e+004, -7.3211477e+001,
  8.0250000e+004, -7.3111525e+001,
  8.0500000e+004, -7.3052731e+001,
  8.0750000e+004, -7.3129164e+001,
  8.1000000e+004, -7.3111525e+001,
  8.1250000e+004, -7.3076248e+001,
  8.1500000e+004, -7.2999815e+001,
  8.1750000e+004, -7.2941019e+001,
  8.2000000e+004, -7.3064489e+001,
  8.2250000e+004, -7.2893984e+001,
  8.2500000e+004, -7.2905743e+001,
  8.2750000e+004, -7.2888105e+001,
  8.3000000e+004, -7.2817551e+001,
  8.3250000e+004, -7.2899864e+001,
  8.3500000e+004, -7.2905743e+001,
  8.3750000e+004, -7.2811670e+001,
  8.4000000e+004, -7.2817551e+001,
  8.4250000e+004, -7.2705841e+001,
  8.4500000e+004, -7.2670563e+001,
  8.4750000e+004, -7.2799911e+001,
  8.5000000e+004, -7.2799911e+001,
  8.5250000e+004, -7.2782274e+001,
  8.5500000e+004, -7.2893984e+001,
  8.5750000e+004, -7.2629406e+001,
  8.6000000e+004, -7.2594130e+001,
  8.6250000e+004, -7.2511818e+001,
  8.6500000e+004, -7.2541214e+001,
  8.6750000e+004, -7.2582371e+001,
  8.7000000e+004, -7.2605888e+001,
  8.7250000e+004, -7.2429504e+001,
  8.7500000e+004, -7.2570612e+001,
  8.7750000e+004, -7.2453022e+001,
  8.8000000e+004, -7.2329554e+001,
  8.8250000e+004, -7.2341312e+001,
  8.8500000e+004, -7.2282516e+001,
  8.8750000e+004, -7.2176685e+001,
  8.9000000e+004, -7.2147289e+001,
  8.9250000e+004, -7.2188444e+001,
  8.9500000e+004, -7.2100252e+001,
  8.9750000e+004, -7.2229601e+001,
  9.0000000e+004, -7.1876831e+001,
  9.0250000e+004, -7.1976784e+001,
  9.0500000e+004, -7.1882711e+001,
  9.0750000e+004, -7.1923868e+001,
  9.1000000e+004, -7.1747482e+001,
  9.1250000e+004, -7.1706327e+001,
  9.1500000e+004, -7.1800398e+001,
  9.1750000e+004, -7.1647532e+001,
  9.2000000e+004, -7.1606375e+001,
  9.2250000e+004, -7.1529942e+001,
  9.2500000e+004, -7.1541700e+001,
  9.2750000e+004, -7.1576979e+001,
  9.3000000e+004, -7.1306520e+001,
  9.3250000e+004, -7.1253605e+001,
  9.3500000e+004, -7.1206570e+001,
  9.3750000e+004, -7.1165413e+001,
  9.4000000e+004, -7.1147776e+001,
  9.4250000e+004, -7.1094860e+001,
  9.4500000e+004, -7.1030186e+001,
  9.4750000e+004, -7.0747969e+001,
  9.5000000e+004, -7.0724451e+001,
  9.5250000e+004, -7.0618620e+001,
  9.5500000e+004, -7.0589224e+001,
  9.5750000e+004, -7.0595102e+001,
  9.6000000e+004, -7.0512791e+001,
  9.6250000e+004, -7.0283489e+001,
  9.6500000e+004, -7.0430477e+001,
  9.6750000e+004, -7.0354042e+001,
  9.7000000e+004, -7.0295250e+001,
  9.7250000e+004, -7.0118862e+001,
  9.7500000e+004, -7.0201176e+001,
  9.7750000e+004, -7.0030670e+001,
  9.8000000e+004, -6.9930721e+001,
  9.8250000e+004, -7.0054188e+001,
  9.8500000e+004, -6.9977757e+001,
  9.8750000e+004, -6.9977757e+001,
  9.9000000e+004, -6.9901321e+001,
  9.9250000e+004, -6.9730816e+001,
  9.9500000e+004, -6.9795490e+001,
  9.9750000e+004, -6.9624985e+001,
