  0.0000000e+000, -7.0259972e+001,
  2.5000000e+002, -6.7843502e+001,
  5.0000000e+002, -6.7396660e+001,
  7.5000000e+002, -6.7167358e+001,
  1.0000000e+003, -6.6767555e+001,
  1.2500000e+003, -6.6232521e+001,
  1.5000000e+003, -6.6009098e+001,
  1.7500000e+003, -6.5468185e+001,
  2.0000000e+003, -6.5056622e+001,
  2.2500000e+003, -6.4633297e+001,
  2.5000000e+003, -6.4139420e+001,
  2.7500000e+003, -6.3651424e+001,
  3.0000000e+003, -6.3222221e+001,
  3.2500000e+003, -6.2751862e+001,
  3.5000000e+003, -6.2293259e+001,
  3.7500000e+003, -6.1875816e+001,
  4.0000000e+003, -6.1358421e+001,
  4.2500000e+003, -6.0929218e+001,
  4.5000000e+003, -6.0482376e+001,
  4.7500000e+003, -5.9988499e+001,
  5.0000000e+003, -5.9447586e+001,
  5.2500000e+003, -5.9024261e+001,
  5.5000000e+003, -5.8465710e+001,
  5.7500000e+003, -5.7936558e+001,
  6.0000000e+003, -5.7395641e+001,
  6.2500000e+003, -5.6819454e+001,
  6.5000000e+003, -5.6272659e+001,
  6.7500000e+003, -5.5661194e+001,
  7.0000000e+003, -5.5049725e+001,
  7.2500000e+003, -5.4397102e+001,
  7.5000000e+003, -5.3720959e+001,
  7.7500000e+003, -5.3003662e+001,
  8.0000000e+003, -5.2233448e+001,
  8.2500000e+003, -5.1433838e+001,
  8.5000000e+003, -5.0546036e+001,
  8.7500000e+003, -4.9581799e+001,
  9.0000000e+003, -4.8535248e+001,
  9.2500000e+003, -4.7365231e+001,
  9.5000000e+003, -4.6048222e+001,
  9.7500000e+003, -4.4507797e+001,
  1.0000000e+004, -4.2691032e+001,
  1.0250000e+004, -4.0415668e+001,
  1.0500000e+004, -3.7370094e+001,
  1.0750000e+004, -3.2690018e+001,
  1.1000000e+004, -2.1677727e+001,
  1.1250000e+004, -2.5611107e+001,
  1.1500000e+004, -2.9144684e+001,
  1.1750000e+004, -3.2495995e+001,
  1.2000000e+004, -3.8322571e+001,
  1.2250000e+004, -4.1109451e+001,
  1.2500000e+004, -4.3090839e+001,
  1.2750000e+004, -4.4590111e+001,
  1.3000000e+004, -4.5854198e+001,
  1.3250000e+004, -4.6941906e+001,
  1.3500000e+004, -4.7888504e+001,
  1.3750000e+004, -4.8729271e+001,
  1.4000000e+004, -4.9499485e+001,
  1.4250000e+004, -5.0175629e+001,
  1.4500000e+004, -5.0792973e+001,
  1.4750000e+004, -5.1386803e+001,
  1.5000000e+004, -5.1921837e+001,
  1.5250000e+004, -5.2409832e+001,
  1.5500000e+004, -5.2886074e+001,
  1.5750000e+004, -5.3327034e+001,
  1.6000000e+004, -5.3750359e+001,
  1.6250000e+004, -5.4114887e+001,
  1.6500000e+004, -5.4497055e+001,
  1.6750000e+004, -5.4838062e+001,
  1.7000000e+004, -5.5155556e+001,
  1.7250000e+004, -5.5478928e+001,
  1.7500000e+004, -5.5790543e+001,
  1.7750000e+004, -5.6096275e+001,
  1.8000000e+004, -5.6390251e+001,
  1.8250000e+004, -5.6654827e+001,
  1.8500000e+004, -5.6913525e+001,
  1.8750000e+004, -5.7125187e+001,
  1.9000000e+004, -5.7378006e+001,
  1.9250000e+004, -5.7666100e+001,
  1.9500000e+004, -5.7854244e+001,
  1.9750000e+004, -5.8065907e+001,
  2.0000000e+004, -5.8265808e+001,
  2.0250000e+004, -5.8442192e+001,
  2.0500000e+004, -5.8683250e+001,
  2.0750000e+004, -5.8853756e+001,
  2.1000000e+004, -5.9083057e+001,
  2.1250000e+004, -5.9188889e+001,
  2.1500000e+004, -5.9382912e+001,
  2.1750000e+004, -5.9606331e+001,
  2.2000000e+004, -5.9700405e+001,
  2.2250000e+004, -6.0123726e+001,
  2.2500000e+004, -6.0129608e+001,
  2.2750000e+004, -6.0247196e+001,
  2.3000000e+004, -6.0411823e+001,
  2.3250000e+004, -6.0588207e+001,
  2.3500000e+004, -6.0717556e+001,
  2.3750000e+004, -6.0858665e+001,
  2.4000000e+004, -6.0999771e+001,
  2.4250000e+004, -6.1105602e+001,
  2.4500000e+004, -6.1264347e+001,
  2.4750000e+004, -6.1446613e+001,
  2.5000000e+004, -6.1534805e+001,
  2.5250000e+004, -6.1628876e+001,
  2.5500000e+004, -6.1781746e+001,
  2.5750000e+004, -6.1869938e+001,
  2.6000000e+004, -6.1981647e+001,
  2.6250000e+004, -6.2152153e+001,
  2.6500000e+004, -6.2240345e+001,
  2.6750000e+004, -6.2369694e+001,
  2.7000000e+004, -6.2416729e+001,
  2.7250000e+004, -6.2563717e+001,
  2.7500000e+004, -6.2657787e+001,
  2.7750000e+004, -6.2798897e+001,
  2.8000000e+004, -6.2834171e+001,
  2.8250000e+004, -6.3039955e+001,
  2.8500000e+004, -6.3069351e+001,
  2.8750000e+004, -6.3210461e+001,
  2.9000000e+004, -6.3269257e+001,
  2.9250000e+004, -6.3380966e+001,
  2.9500000e+004, -6.3422123e+001,
  2.9750000e+004, -6.3569111e+001,
  3.0000000e+004, -6.3622025e+001,
  3.0250000e+004, -6.3751373e+001,
  3.0500000e+004, -6.3810169e+001,
  3.0750000e+004, -6.3927757e+001,
  3.1000000e+004, -6.3998314e+001,
  3.1250000e+004, -6.4068867e+001,
  3.1500000e+004, -6.4104145e+001,
  3.1750000e+004, -6.4239372e+001,
  3.2000000e+004, -6.4368721e+001,
  3.2250000e+004, -6.4421635e+001,
  3.2500000e+004, -6.4515709e+001,
  3.2750000e+004, -6.4639175e+001,
  3.3000000e+004, -6.4650936e+001,
  3.3250000e+004, -6.4850838e+001,
  3.3500000e+004, -6.4715611e+001,
  3.3750000e+004, -6.4839081e+001,
  3.4000000e+004, -6.4974308e+001,
  3.4250000e+004, -6.4933151e+001,
  3.4500000e+004, -6.4986069e+001,
  3.4750000e+004, -6.5162453e+001,
  3.5000000e+004, -6.5185970e+001,
  3.5250000e+004, -6.5256523e+001,
  3.5500000e+004, -6.5291801e+001,
  3.5750000e+004, -6.5368233e+001,
  3.6000000e+004, -6.5379993e+001,
  3.6250000e+004, -6.5538738e+001,
  3.6500000e+004, -6.5579895e+001,
  3.6750000e+004, -6.5603413e+001,
  3.7000000e+004, -6.5638691e+001,
  3.7250000e+004, -6.5820953e+001,
  3.7500000e+004, -6.5809196e+001,
  3.7750000e+004, -6.5832714e+001,
  3.8000000e+004, -6.5862110e+001,
  3.8250000e+004, -6.5915028e+001,
  3.8500000e+004, -6.6026737e+001,
  3.8750000e+004, -6.6020859e+001,
  3.9000000e+004, -6.6009098e+001,
  3.9250000e+004, -6.6185482e+001,
  3.9500000e+004, -6.6250156e+001,
  3.9750000e+004, -6.6197243e+001,
  4.0000000e+004, -6.6291313e+001,
  4.0250000e+004, -6.6367748e+001,
  4.0500000e+004, -6.6344231e+001,
  4.0750000e+004, -6.6467701e+001,
  4.1000000e+004, -6.6502975e+001,
  4.1250000e+004, -6.6508854e+001,
  4.1500000e+004, -6.6644085e+001,
  4.1750000e+004, -6.6567650e+001,
  4.2000000e+004, -6.6649963e+001,
  4.2250000e+004, -6.6638203e+001,
  4.2500000e+004, -6.6720516e+001,
  4.2750000e+004, -6.6796951e+001,
  4.3000000e+004, -6.6861626e+001,
  4.3250000e+004, -6.6832230e+001,
  4.3500000e+004, -6.6896904e+001,
  4.3750000e+004, -6.6985096e+001,
  4.4000000e+004, -6.6961578e+001,
  4.4250000e+004, -6.6990974e+001,
  4.4500000e+004, -6.7032131e+001,
  4.4750000e+004, -6.7073288e+001,
  4.5000000e+004, -6.7184998e+001,
  4.5250000e+004, -6.7073288e+001,
  4.5500000e+004, -6.7114445e+001,
  4.5750000e+004, -6.7167358e+001,
  4.6000000e+004, -6.7143841e+001,
  4.6250000e+004, -6.7161480e+001,
  4.6500000e+004, -6.7261429e+001,
  4.6750000e+004, -6.7261429e+001,
  4.7000000e+004, -6.7361382e+001,
  4.7250000e+004, -6.7408417e+001,
  4.7500000e+004, -6.7308468e+001,
  4.7750000e+004, -6.7296707e+001,
  4.8000000e+004, -6.7361382e+001,
  4.8250000e+004, -6.7437817e+001,
  4.8500000e+004, -6.7490730e+001,
  4.8750000e+004, -6.7490730e+001,
  4.9000000e+004, -6.7602440e+001,
  4.9250000e+004, -6.7531887e+001,
  4.9500000e+004, -6.7531887e+001,
  4.9750000e+004, -6.7608322e+001,
  5.0000000e+004, -6.7484852e+001,
  5.0250000e+004, -6.7578922e+001,
  5.0500000e+004, -6.7549526e+001,
  5.0750000e+004, -6.7543648e+001,
  5.1000000e+004, -6.7667114e+001,
  5.1250000e+004, -6.7655357e+001,
  5.1500000e+004, -6.7625957e+001,
  5.1750000e+004, -6.7631840e+001,
  5.2000000e+004, -6.7614201e+001,
  5.2250000e+004, -6.7602440e+001,
  5.2500000e+004, -6.7778828e+001,
  5.2750000e+004, -6.7702393e+001,
  5.3000000e+004, -6.7737671e+001,
  5.3250000e+004, -6.7796463e+001,
  5.3500000e+004, -6.7784706e+001,
  5.3750000e+004, -6.7790585e+001,
  5.4000000e+004, -6.7861137e+001,
  5.4250000e+004, -6.7725910e+001,
  5.4500000e+004, -6.7784706e+001,
  5.4750000e+004, -6.7772945e+001,
  5.5000000e+004, -6.7996368e+001,
  5.5250000e+004, -6.7802345e+001,
  5.5500000e+004, -6.7478973e+001,
  5.5750000e+004, -6.7814102e+001,
  5.6000000e+004, -6.8055161e+001,
  5.6250000e+004, -6.7855259e+001,
  5.6500000e+004, -6.7849380e+001,
  5.6750000e+004, -6.7867020e+001,
  5.7000000e+004, -6.7831741e+001,
  5.7250000e+004, -6.7890537e+001,
  5.7500000e+004, -6.7943451e+001,
  5.7750000e+004, -6.7931694e+001,
  5.8000000e+004, -6.7878777e+001,
  5.8250000e+004, -6.7890537e+001,
  5.8500000e+004, -6.7902294e+001,
  5.8750000e+004, -6.7902294e+001,
  5.9000000e+004, -6.7961090e+001,
  5.9250000e+004, -6.7937572e+001,
  5.9500000e+004, -6.7896416e+001,
  5.9750000e+004, -6.7855259e+001,
  6.0000000e+004, -6.7890537e+001,
  6.0250000e+004, -6.7937572e+001,
  6.0500000e+004, -6.7961090e+001,
  6.0750000e+004, -6.7890537e+001,
  6.1000000e+004, -6.8002247e+001,
  6.1250000e+004, -6.8072800e+001,
  6.1500000e+004, -6.7890537e+001,
  6.1750000e+004, -6.7902294e+001,
  6.2000000e+004, -6.7919933e+001,
  6.2250000e+004, -6.7966969e+001,
  6.2500000e+004, -6.7990486e+001,
  6.2750000e+004, -6.7872898e+001,
  6.3000000e+004, -6.8014004e+001,
  6.3250000e+004, -6.7990486e+001,
  6.3500000e+004, -6.8084560e+001,
  6.3750000e+004, -6.8049282e+001,
  6.4000000e+004, -6.7925812e+001,
  6.4250000e+004, -6.8108078e+001,
  6.4500000e+004, -6.8078682e+001,
  6.4750000e+004, -6.8008125e+001,
  6.5000000e+004, -6.7961090e+001,
  6.5250000e+004, -6.7825863e+001,
  6.5500000e+004, -6.7890537e+001,
  6.5750000e+004, -6.7984608e+001,
  6.6000000e+004, -6.8131596e+001,
  6.6250000e+004, -6.7949329e+001,
  6.6500000e+004, -6.8084560e+001,
  6.6750000e+004, -6.7884655e+001,
  6.7000000e+004, -6.7902294e+001,
  6.7250000e+004, -6.7961090e+001,
  6.7500000e+004, -6.8078682e+001,
  6.7750000e+004, -6.7931694e+001,
  6.8000000e+004, -6.8031643e+001,
  6.8250000e+004, -6.7966969e+001,
  6.8500000e+004, -6.7978729e+001,
  6.8750000e+004, -6.7855259e+001,
  6.9000000e+004, -6.7902294e+001,
  6.9250000e+004, -6.7984608e+001,
  6.9500000e+004, -6.7925812e+001,
  6.9750000e+004, -6.7949329e+001,
  7.0000000e+004, -6.8014004e+001,
  7.0250000e+004, -6.7914055e+001,
  7.0500000e+004, -6.7914055e+001,
  7.0750000e+004, -6.7890537e+001,
  7.1000000e+004, -6.7937572e+001,
  7.1250000e+004, -6.7878777e+001,
  7.1500000e+004, -6.7837620e+001,
  7.1750000e+004, -6.7890537e+001,
  7.2000000e+004, -6.7849380e+001,
  7.2250000e+004, -6.7808224e+001,
  7.2500000e+004, -6.7972851e+001,
  7.2750000e+004, -6.7819981e+001,
  7.3000000e+004, -6.7925812e+001,
  7.3250000e+004, -6.7843502e+001,
  7.3500000e+004, -6.7749428e+001,
  7.3750000e+004, -6.7867020e+001,
  7.4000000e+004, -6.7902294e+001,
  7.4250000e+004, -6.7837620e+001,
  7.4500000e+004, -6.7802345e+001,
  7.4750000e+004, -6.7896416e+001,
  7.5000000e+004, -6.7837620e+001,
  7.5250000e+004, -6.7755306e+001,
  7.5500000e+004, -6.7696514e+001,
  7.5750000e+004, -6.7720032e+001,
  7.6000000e+004, -6.7661236e+001,
  7.6250000e+004, -6.7690632e+001,
  7.6500000e+004, -6.7672997e+001,
  7.6750000e+004, -6.7655357e+001,
  7.7000000e+004, -6.7643597e+001,
  7.7250000e+004, -6.7608322e+001,
  7.7500000e+004, -6.7661236e+001,
  7.7750000e+004, -6.7761189e+001,
  7.8000000e+004, -6.7643597e+001,
  7.8250000e+004, -6.7608322e+001,
  7.8500000e+004, -6.7590683e+001,
  7.8750000e+004, -6.7520130e+001,
  7.9000000e+004, -6.7520130e+001,
  7.9250000e+004, -6.7478973e+001,
  7.9500000e+004, -6.7520130e+001,
  7.9750000e+004, -6.7496609e+001,
  8.0000000e+004, -6.7484852e+001,
  8.0250000e+004, -6.7414299e+001,
  8.0500000e+004, -6.7420177e+001,
  8.0750000e+004, -6.7408417e+001,
  8.1000000e+004, -6.7437817e+001,
  8.1250000e+004, -6.7361382e+001,
  8.1500000e+004, -6.7390778e+001,
  8.1750000e+004, -6.7384899e+001,
  8.2000000e+004, -6.7249672e+001,
  8.2250000e+004, -6.7220276e+001,
  8.2500000e+004, -6.7279068e+001,
  8.2750000e+004, -6.7279068e+001,
  8.3000000e+004, -6.7149719e+001,
  8.3250000e+004, -6.7114445e+001,
  8.3500000e+004, -6.7208515e+001,
  8.3750000e+004, -6.7167358e+001,
  8.4000000e+004, -6.7232033e+001,
  8.4250000e+004, -6.7143841e+001,
  8.4500000e+004, -6.7055649e+001,
  8.4750000e+004, -6.7126202e+001,
  8.5000000e+004, -6.7085045e+001,
  8.5250000e+004, -6.7079166e+001,
  8.5500000e+004, -6.6949818e+001,
  8.5750000e+004, -6.6961578e+001,
  8.6000000e+004, -6.6955696e+001,
  8.6250000e+004, -6.7043888e+001,
  8.6500000e+004, -6.6926300e+001,
  8.6750000e+004, -6.6943939e+001,
  8.7000000e+004, -6.6767555e+001,
  8.7250000e+004, -6.6808708e+001,
  8.7500000e+004, -6.6832230e+001,
  8.7750000e+004, -6.6826347e+001,
  8.8000000e+004, -6.6649963e+001,
  8.8250000e+004, -6.6767555e+001,
  8.8500000e+004, -6.6661724e+001,
  8.8750000e+004, -6.6526493e+001,
  8.9000000e+004, -6.6532375e+001,
  8.9250000e+004, -6.6532375e+001,
  8.9500000e+004, -6.6532375e+001,
  8.9750000e+004, -6.6497097e+001,
  9.0000000e+004, -6.6314831e+001,
  9.0250000e+004, -6.6285435e+001,
  9.0500000e+004, -6.6261917e+001,
  9.0750000e+004, -6.6267796e+001,
  9.1000000e+004, -6.6203121e+001,
  9.1250000e+004, -6.6097290e+001,
  9.1500000e+004, -6.6026737e+001,
  9.1750000e+004, -6.6038498e+001,
  9.2000000e+004, -6.5944424e+001,
  9.2250000e+004, -6.5915028e+001,
  9.2500000e+004, -6.5862110e+001,
  9.2750000e+004, -6.5850353e+001,
  9.3000000e+004, -6.5679848e+001,
  9.3250000e+004, -6.5615173e+001,
  9.3500000e+004, -6.5597534e+001,
  9.3750000e+004, -6.5544621e+001,
  9.4000000e+004, -6.5485825e+001,
  9.4250000e+004, -6.5332958e+001,
  9.4500000e+004, -6.5356476e+001,
  9.4750000e+004, -6.5285923e+001,
  9.5000000e+004, -6.5215366e+001,
  9.5250000e+004, -6.5097778e+001,
  9.5500000e+004, -6.5086018e+001,
  9.5750000e+004, -6.5056622e+001,
  9.6000000e+004, -6.4950790e+001,
  9.6250000e+004, -6.4897877e+001,
  9.6500000e+004, -6.4839081e+001,
  9.6750000e+004, -6.4786163e+001,
  9.7000000e+004, -6.4709732e+001,
  9.7250000e+004, -6.4686214e+001,
  9.7500000e+004, -6.4668575e+001,
  9.7750000e+004, -6.4592140e+001,
  9.8000000e+004, -6.4550983e+001,
  9.8250000e+004, -6.4503948e+001,
  9.8500000e+004, -6.4527466e+001,
  9.8750000e+004, -6.4451035e+001,
  9.9000000e+004, -6.4451035e+001,
  9.9250000e+004, -6.4321686e+001,
  9.9500000e+004, -6.4339325e+001,
  9.9750000e+004, -6.4309925e+001,
