  0.0000000e+000, -6.1993404e+001,
  2.5000000e+002, -6.3086990e+001,
  5.0000000e+002, -6.3028198e+001,
  7.5000000e+002, -6.2869450e+001,
  1.0000000e+003, -6.2751862e+001,
  1.2500000e+003, -6.2604874e+001,
  1.5000000e+003, -6.2422607e+001,
  1.7500000e+003, -6.2210945e+001,
  2.0000000e+003, -6.2093357e+001,
  2.2500000e+003, -6.1846420e+001,
  2.5000000e+003, -6.1658276e+001,
  2.7500000e+003, -6.1387817e+001,
  3.0000000e+003, -6.1129120e+001,
  3.2500000e+003, -6.0870422e+001,
  3.5000000e+003, -6.0623486e+001,
  3.7500000e+003, -6.0341270e+001,
  4.0000000e+003, -6.0059052e+001,
  4.2500000e+003, -5.9776836e+001,
  4.5000000e+003, -5.9406429e+001,
  4.7500000e+003, -5.9077179e+001,
  5.0000000e+003, -5.8724407e+001,
  5.2500000e+003, -5.8318722e+001,
  5.5000000e+003, -5.7930676e+001,
  5.7500000e+003, -5.7524990e+001,
  6.0000000e+003, -5.7078152e+001,
  6.2500000e+003, -5.5984566e+001,
  6.5000000e+003, -5.6155071e+001,
  6.7500000e+003, -5.5625916e+001,
  7.0000000e+003, -5.5096760e+001,
  7.2500000e+003, -5.4532330e+001,
  7.5000000e+003, -5.3944382e+001,
  7.7500000e+003, -5.3285877e+001,
  8.0000000e+003, -5.2574459e+001,
  8.2500000e+003, -5.1816006e+001,
  8.5000000e+003, -5.0981117e+001,
  8.7500000e+003, -5.0069798e+001,
  9.0000000e+003, -4.9064404e+001,
  9.2500000e+003, -4.7935539e+001,
  9.5000000e+003, -4.6630295e+001,
  9.7500000e+003, -4.5119263e+001,
  1.0000000e+004, -4.3302502e+001,
  1.0250000e+004, -4.1003620e+001,
  1.0500000e+004, -3.7887489e+001,
  1.0750000e+004, -3.3095703e+001,
  1.1000000e+004, -2.1836472e+001,
  1.1250000e+004, -2.5270096e+001,
  1.1500000e+004, -3.1020241e+001,
  1.1750000e+004, -2.5522919e+001,
  1.2000000e+004, -3.9104542e+001,
  1.2250000e+004, -4.2544044e+001,
  1.2500000e+004, -4.4648903e+001,
  1.2750000e+004, -4.6171692e+001,
  1.3000000e+004, -4.7465179e+001,
  1.3250000e+004, -4.8552887e+001,
  1.3500000e+004, -4.9505363e+001,
  1.3750000e+004, -5.0363770e+001,
  1.4000000e+004, -5.1116344e+001,
  1.4250000e+004, -5.1816006e+001,
  1.4500000e+004, -5.2474506e+001,
  1.4750000e+004, -5.3050697e+001,
  1.5000000e+004, -5.3609249e+001,
  1.5250000e+004, -5.4132526e+001,
  1.5500000e+004, -5.4614643e+001,
  1.5750000e+004, -5.5055607e+001,
  1.6000000e+004, -5.5484810e+001,
  1.6250000e+004, -5.5878735e+001,
  1.6500000e+004, -5.6313816e+001,
  1.6750000e+004, -5.6643066e+001,
  1.7000000e+004, -5.6989960e+001,
  1.7250000e+004, -5.7336849e+001,
  1.7500000e+004, -5.7630821e+001,
  1.7750000e+004, -5.7971832e+001,
  1.8000000e+004, -5.8277565e+001,
  1.8250000e+004, -5.8530384e+001,
  1.8500000e+004, -5.8742046e+001,
  1.8750000e+004, -5.9112453e+001,
  1.9000000e+004, -5.9288841e+001,
  1.9250000e+004, -5.9529900e+001,
  1.9500000e+004, -5.9817993e+001,
  1.9750000e+004, -6.0023777e+001,
  2.0000000e+004, -6.0258957e+001,
  2.0250000e+004, -6.0470619e+001,
  2.0500000e+004, -6.0664642e+001,
  2.0750000e+004, -6.0835144e+001,
  2.1000000e+004, -6.1193794e+001,
  2.1250000e+004, -6.1276108e+001,
  2.1500000e+004, -6.1405457e+001,
  2.1750000e+004, -6.1640636e+001,
  2.2000000e+004, -6.1787624e+001,
  2.2250000e+004, -6.1987526e+001,
  2.2500000e+004, -6.2169792e+001,
  2.2750000e+004, -6.2310898e+001,
  2.3000000e+004, -6.2452007e+001,
  2.3250000e+004, -6.2598995e+001,
  2.3500000e+004, -6.2798897e+001,
  2.3750000e+004, -6.2940002e+001,
  2.4000000e+004, -6.2881210e+001,
  2.4250000e+004, -6.3181065e+001,
  2.4500000e+004, -6.3410362e+001,
  2.4750000e+004, -6.3428001e+001,
  2.5000000e+004, -6.3669060e+001,
  2.5250000e+004, -6.3704338e+001,
  2.5500000e+004, -6.3874844e+001,
  2.5750000e+004, -6.3998314e+001,
  2.6000000e+004, -6.4168819e+001,
  2.6250000e+004, -6.4274651e+001,
  2.6500000e+004, -6.4392239e+001,
  2.6750000e+004, -6.4515709e+001,
  2.7000000e+004, -6.4568623e+001,
  2.7250000e+004, -6.4756767e+001,
  2.7500000e+004, -6.4880238e+001,
  2.7750000e+004, -6.4974308e+001,
  2.8000000e+004, -6.5097778e+001,
  2.8250000e+004, -6.5103657e+001,
  2.8500000e+004, -6.5297680e+001,
  2.8750000e+004, -6.5356476e+001,
  2.9000000e+004, -6.5444668e+001,
  2.9250000e+004, -6.5574017e+001,
  2.9500000e+004, -6.5668087e+001,
  2.9750000e+004, -6.5803318e+001,
  3.0000000e+004, -6.5832714e+001,
  3.0250000e+004, -6.6003220e+001,
  3.0500000e+004, -6.6073772e+001,
  3.0750000e+004, -6.6150208e+001,
  3.1000000e+004, -6.6214882e+001,
  3.1250000e+004, -6.6355988e+001,
  3.1500000e+004, -6.6308952e+001,
  3.1750000e+004, -6.6432423e+001,
  3.2000000e+004, -6.6538254e+001,
  3.2250000e+004, -6.6667603e+001,
  3.2500000e+004, -6.6791073e+001,
  3.2750000e+004, -6.6938057e+001,
  3.3000000e+004, -6.6879265e+001,
  3.3250000e+004, -6.6802830e+001,
  3.3500000e+004, -6.7055649e+001,
  3.3750000e+004, -6.7090927e+001,
  3.4000000e+004, -6.7196754e+001,
  3.4250000e+004, -6.7290829e+001,
  3.4500000e+004, -6.7396660e+001,
  3.4750000e+004, -6.7367260e+001,
  3.5000000e+004, -6.7531887e+001,
  3.5250000e+004, -6.7573044e+001,
  3.5500000e+004, -6.7655357e+001,
  3.5750000e+004, -6.7667114e+001,
  3.6000000e+004, -6.7772945e+001,
  3.6250000e+004, -6.7819981e+001,
  3.6500000e+004, -6.7878777e+001,
  3.6750000e+004, -6.7990486e+001,
  3.7000000e+004, -6.8037525e+001,
  3.7250000e+004, -6.8160992e+001,
  3.7500000e+004, -6.8137474e+001,
  3.7750000e+004, -6.8184509e+001,
  3.8000000e+004, -6.8155113e+001,
  3.8250000e+004, -6.8331497e+001,
  3.8500000e+004, -6.8355015e+001,
  3.8750000e+004, -6.8343258e+001,
  3.9000000e+004, -6.8572556e+001,
  3.9250000e+004, -6.8478485e+001,
  3.9500000e+004, -6.8648991e+001,
  3.9750000e+004, -6.8643112e+001,
  4.0000000e+004, -6.8696026e+001,
  4.0250000e+004, -6.8660751e+001,
  4.0500000e+004, -6.8807735e+001,
  4.0750000e+004, -6.8778339e+001,
  4.1000000e+004, -6.8813618e+001,
  4.1250000e+004, -6.8948845e+001,
  4.1500000e+004, -6.8954723e+001,
  4.1750000e+004, -6.8907688e+001,
  4.2000000e+004, -6.9007641e+001,
  4.2250000e+004, -6.9013519e+001,
  4.2500000e+004, -6.8995880e+001,
  4.2750000e+004, -6.9184025e+001,
  4.3000000e+004, -6.9236938e+001,
  4.3250000e+004, -6.9354530e+001,
  4.3500000e+004, -6.9283978e+001,
  4.3750000e+004, -6.9254578e+001,
  4.4000000e+004, -6.9419205e+001,
  4.4250000e+004, -6.9366287e+001,
  4.4500000e+004, -6.9395687e+001,
  4.4750000e+004, -6.9501518e+001,
  4.5000000e+004, -6.9125229e+001,
  4.5250000e+004, -6.9595589e+001,
  4.5500000e+004, -6.9442722e+001,
  4.5750000e+004, -6.9501518e+001,
  4.6000000e+004, -6.9548553e+001,
  4.6250000e+004, -6.9654385e+001,
  4.6500000e+004, -6.9724937e+001,
  4.6750000e+004, -7.0036552e+001,
  4.7000000e+004, -6.9730816e+001,
  4.7250000e+004, -6.9842529e+001,
  4.7500000e+004, -6.9760216e+001,
  4.7750000e+004, -6.9789612e+001,
  4.8000000e+004, -6.9677902e+001,
  4.8250000e+004, -6.9871925e+001,
  4.8500000e+004, -6.9877804e+001,
  4.8750000e+004, -6.9630867e+001,
  4.9000000e+004, -6.9836647e+001,
  4.9250000e+004, -6.9748455e+001,
  4.9500000e+004, -6.9913082e+001,
  4.9750000e+004, -6.9924839e+001,
  5.0000000e+004, -7.0001274e+001,
  5.0250000e+004, -6.9924839e+001,
  5.0500000e+004, -7.0071827e+001,
  5.0750000e+004, -7.0060070e+001,
  5.1000000e+004, -6.9889565e+001,
  5.1250000e+004, -7.0101227e+001,
  5.1500000e+004, -7.0171780e+001,
  5.1750000e+004, -7.0060070e+001,
  5.2000000e+004, -7.0118862e+001,
  5.2250000e+004, -7.0077709e+001,
  5.2500000e+004, -7.0236454e+001,
  5.2750000e+004, -7.0130623e+001,
  5.3000000e+004, -7.0218815e+001,
  5.3250000e+004, -7.0171780e+001,
  5.3500000e+004, -7.0212936e+001,
  5.3750000e+004, -7.0218815e+001,
  5.4000000e+004, -7.0254093e+001,
  5.4250000e+004, -7.0254093e+001,
  5.4500000e+004, -7.0289368e+001,
  5.4750000e+004, -7.0171780e+001,
  5.5000000e+004, -7.0118862e+001,
  5.5250000e+004, -7.0248211e+001,
  5.5500000e+004, -7.0559826e+001,
  5.5750000e+004, -7.0377560e+001,
  5.6000000e+004, -7.0289368e+001,
  5.6250000e+004, -7.0342285e+001,
  5.6500000e+004, -7.0406960e+001,
  5.6750000e+004, -7.0318768e+001,
  5.7000000e+004, -7.0301128e+001,
  5.7250000e+004, -7.0307007e+001,
  5.7500000e+004, -7.0312885e+001,
  5.7750000e+004, -7.0383442e+001,
  5.8000000e+004, -7.0201176e+001,
  5.8250000e+004, -7.0389320e+001,
  5.8500000e+004, -7.0118862e+001,
  5.8750000e+004, -7.0424597e+001,
  5.9000000e+004, -7.0359924e+001,
  5.9250000e+004, -7.0359924e+001,
  5.9500000e+004, -7.0483393e+001,
  5.9750000e+004, -7.0324646e+001,
  6.0000000e+004, -7.0348164e+001,
  6.0250000e+004, -7.0471634e+001,
  6.0500000e+004, -7.0430477e+001,
  6.0750000e+004, -7.0442236e+001,
  6.1000000e+004, -7.0377560e+001,
  6.1250000e+004, -7.0553946e+001,
  6.1500000e+004, -7.0359924e+001,
  6.1750000e+004, -7.0371681e+001,
  6.2000000e+004, -7.0383442e+001,
  6.2250000e+004, -7.0489271e+001,
  6.2500000e+004, -7.0471634e+001,
  6.2750000e+004, -7.0465754e+001,
  6.3000000e+004, -7.0301128e+001,
  6.3250000e+004, -7.0348164e+001,
  6.3500000e+004, -7.0495152e+001,
  6.3750000e+004, -7.0524549e+001,
  6.4000000e+004, -7.0418718e+001,
  6.4250000e+004, -7.0424597e+001,
  6.4500000e+004, -7.0536308e+001,
  6.4750000e+004, -7.0459875e+001,
  6.5000000e+004, -7.0318768e+001,
  6.5250000e+004, -7.0648018e+001,
  6.5500000e+004, -7.0401079e+001,
  6.5750000e+004, -7.0383442e+001,
  6.6000000e+004, -7.0424597e+001,
  6.6250000e+004, -7.0483393e+001,
  6.6500000e+004, -7.0418718e+001,
  6.6750000e+004, -7.0412838e+001,
  6.7000000e+004, -7.0442236e+001,
  6.7250000e+004, -7.0577465e+001,
  6.7500000e+004, -7.0412838e+001,
  6.7750000e+004, -7.0630379e+001,
  6.8000000e+004, -7.0418718e+001,
  6.8250000e+004, -7.0295250e+001,
  6.8500000e+004, -7.0471634e+001,
  6.8750000e+004, -7.0448116e+001,
  6.9000000e+004, -7.0430477e+001,
  6.9250000e+004, -7.0371681e+001,
  6.9500000e+004, -7.0389320e+001,
  6.9750000e+004, -7.0401079e+001,
  7.0000000e+004, -7.0436356e+001,
  7.0250000e+004, -7.0277611e+001,
  7.0500000e+004, -7.0301128e+001,
  7.0750000e+004, -7.0377560e+001,
  7.1000000e+004, -7.0295250e+001,
  7.1250000e+004, -7.0295250e+001,
  7.1500000e+004, -7.0365803e+001,
  7.1750000e+004, -7.0389320e+001,
  7.2000000e+004, -7.0489271e+001,
  7.2250000e+004, -7.0236454e+001,
  7.2500000e+004, -7.0307007e+001,
  7.2750000e+004, -7.0142384e+001,
  7.3000000e+004, -7.0365803e+001,
  7.3250000e+004, -7.0242332e+001,
  7.3500000e+004, -7.0212936e+001,
  7.3750000e+004, -7.0277611e+001,
  7.4000000e+004, -7.0230576e+001,
  7.4250000e+004, -7.0389320e+001,
  7.4500000e+004, -7.0271732e+001,
  7.4750000e+004, -7.0201176e+001,
  7.5000000e+004, -7.0224693e+001,
  7.5250000e+004, -7.0277611e+001,
  7.5500000e+004, -7.0160019e+001,
  7.5750000e+004, -6.9971878e+001,
  7.6000000e+004, -7.0265850e+001,
  7.6250000e+004, -7.0060070e+001,
  7.6500000e+004, -7.0077709e+001,
  7.6750000e+004, -7.0212936e+001,
  7.7000000e+004, -7.0142384e+001,
  7.7250000e+004, -7.0195297e+001,
  7.7500000e+004, -6.9989513e+001,
  7.7750000e+004, -7.0042431e+001,
  7.8000000e+004, -7.0177658e+001,
  7.8250000e+004, -7.0254093e+001,
  7.8500000e+004, -7.0024792e+001,
  7.8750000e+004, -7.0060070e+001,
  7.9000000e+004, -7.0089466e+001,
  7.9250000e+004, -7.0077709e+001,
  7.9500000e+004, -7.0071827e+001,
  7.9750000e+004, -7.0124744e+001,
  8.0000000e+004, -6.9948357e+001,
  8.0250000e+004, -6.9954239e+001,
  8.0500000e+004, -6.9977757e+001,
  8.0750000e+004, -6.9960117e+001,
  8.1000000e+004, -6.9824890e+001,
  8.1250000e+004, -6.9719059e+001,
  8.1500000e+004, -6.9930721e+001,
  8.1750000e+004, -6.9924839e+001,
  8.2000000e+004, -6.9830769e+001,
  8.2250000e+004, -6.9819008e+001,
  8.2500000e+004, -6.9719059e+001,
  8.2750000e+004, -6.9807251e+001,
  8.3000000e+004, -6.9689659e+001,
  8.3250000e+004, -6.9642624e+001,
  8.3500000e+004, -6.9572071e+001,
  8.3750000e+004, -6.9583832e+001,
  8.4000000e+004, -6.9601467e+001,
  8.4250000e+004, -6.9619106e+001,
  8.4500000e+004, -6.9742577e+001,
  8.4750000e+004, -6.9519157e+001,
  8.5000000e+004, -6.9525036e+001,
  8.5250000e+004, -6.9442722e+001,
  8.5500000e+004, -6.9489758e+001,
  8.5750000e+004, -6.9454483e+001,
  8.6000000e+004, -6.9530914e+001,
  8.6250000e+004, -6.9548553e+001,
  8.6500000e+004, -6.9336891e+001,
  8.6750000e+004, -6.9360409e+001,
  8.7000000e+004, -6.9389809e+001,
  8.7250000e+004, -6.9348652e+001,
  8.7500000e+004, -6.9178146e+001,
  8.7750000e+004, -6.9148746e+001,
  8.8000000e+004, -6.9231060e+001,
  8.8250000e+004, -6.9248699e+001,
  8.8500000e+004, -6.9078194e+001,
  8.8750000e+004, -6.9072315e+001,
  8.9000000e+004, -6.9048798e+001,
  8.9250000e+004, -6.9031158e+001,
  8.9500000e+004, -6.9078194e+001,
  8.9750000e+004, -6.8942966e+001,
  9.0000000e+004, -6.8672508e+001,
  9.0250000e+004, -6.8843014e+001,
  9.0500000e+004, -6.8754822e+001,
  9.0750000e+004, -6.8701908e+001,
  9.1000000e+004, -6.8719543e+001,
  9.1250000e+004, -6.8648991e+001,
  9.1500000e+004, -6.8554920e+001,
  9.1750000e+004, -6.8613712e+001,
  9.2000000e+004, -6.8413811e+001,
  9.2250000e+004, -6.8513763e+001,
  9.2500000e+004, -6.8343258e+001,
  9.2750000e+004, -6.8272705e+001,
  9.3000000e+004, -6.8137474e+001,
  9.3250000e+004, -6.8090439e+001,
  9.3500000e+004, -6.8084560e+001,
  9.3750000e+004, -6.7978729e+001,
  9.4000000e+004, -6.7908176e+001,
  9.4250000e+004, -6.8008125e+001,
  9.4500000e+004, -6.7855259e+001,
  9.4750000e+004, -6.7696514e+001,
  9.5000000e+004, -6.7655357e+001,
  9.5250000e+004, -6.7531887e+001,
  9.5500000e+004, -6.7543648e+001,
  9.5750000e+004, -6.7526009e+001,
  9.6000000e+004, -6.7379021e+001,
  9.6250000e+004, -6.7455456e+001,
  9.6500000e+004, -6.7255550e+001,
  9.6750000e+004, -6.7179119e+001,
  9.7000000e+004, -6.7284950e+001,
  9.7250000e+004, -6.7126202e+001,
  9.7500000e+004, -6.7220276e+001,
  9.7750000e+004, -6.7038010e+001,
  9.8000000e+004, -6.6867504e+001,
  9.8250000e+004, -6.6979214e+001,
  9.8500000e+004, -6.6873383e+001,
  9.8750000e+004, -6.6867504e+001,
  9.9000000e+004, -6.6867504e+001,
  9.9250000e+004, -6.6796951e+001,
  9.9500000e+004, -6.6808708e+001,
  9.9750000e+004, -6.6732277e+001,
