  0.0000000e+000, -6.3904240e+001,
  2.5000000e+002, -6.4815563e+001,
  5.0000000e+002, -6.4004192e+001,
  7.5000000e+002, -6.4362843e+001,
  1.0000000e+003, -6.4074745e+001,
  1.2500000e+003, -6.3763134e+001,
  1.5000000e+003, -6.3516193e+001,
  1.7500000e+003, -6.3204582e+001,
  2.0000000e+003, -6.2828293e+001,
  2.2500000e+003, -6.2540199e+001,
  2.5000000e+003, -6.2216827e+001,
  2.7500000e+003, -6.1834660e+001,
  3.0000000e+003, -6.1558323e+001,
  3.2500000e+003, -6.1176155e+001,
  3.5000000e+003, -6.0829266e+001,
  3.7500000e+003, -6.0435341e+001,
  4.0000000e+003, -6.0117847e+001,
  4.2500000e+003, -5.9729801e+001,
  4.5000000e+003, -5.9353516e+001,
  4.7500000e+003, -5.8906673e+001,
  5.0000000e+003, -5.8483349e+001,
  5.2500000e+003, -5.8048267e+001,
  5.5000000e+003, -5.7630821e+001,
  5.7500000e+003, -5.7154583e+001,
  6.0000000e+003, -5.6731262e+001,
  6.2500000e+003, -5.7013477e+001,
  6.5000000e+003, -5.5684711e+001,
  6.7500000e+003, -5.5184956e+001,
  7.0000000e+003, -5.4608765e+001,
  7.2500000e+003, -5.4009056e+001,
  7.5000000e+003, -5.3409348e+001,
  7.7500000e+003, -5.2721447e+001,
  8.0000000e+003, -5.2015907e+001,
  8.2500000e+003, -5.1257454e+001,
  8.5000000e+003, -5.0434326e+001,
  8.7500000e+003, -4.9523003e+001,
  9.0000000e+003, -4.8517609e+001,
  9.2500000e+003, -4.7388748e+001,
  9.5000000e+003, -4.6107018e+001,
  9.7500000e+003, -4.4601868e+001,
  1.0000000e+004, -4.2802742e+001,
  1.0250000e+004, -4.0545017e+001,
  1.0500000e+004, -3.7493561e+001,
  1.0750000e+004, -3.2778214e+001,
  1.1000000e+004, -2.1701248e+001,
  1.1250000e+004, -2.5664024e+001,
  1.1500000e+004, -3.4077576e+001,
  1.1750000e+004, -3.8281418e+001,
  1.2000000e+004, -4.1103569e+001,
  1.2250000e+004, -4.3243706e+001,
  1.2500000e+004, -4.4995796e+001,
  1.2750000e+004, -4.6418633e+001,
  1.3000000e+004, -4.7670963e+001,
  1.3250000e+004, -4.8782188e+001,
  1.3500000e+004, -4.9769943e+001,
  1.3750000e+004, -5.0687141e+001,
  1.4000000e+004, -5.1527908e+001,
  1.4250000e+004, -5.2292244e+001,
  1.4500000e+004, -5.3033058e+001,
  1.4750000e+004, -5.3732719e+001,
  1.5000000e+004, -5.4355946e+001,
  1.5250000e+004, -5.5020329e+001,
  1.5500000e+004, -5.5637676e+001,
  1.5750000e+004, -5.6249142e+001,
  1.6000000e+004, -5.6837090e+001,
  1.6250000e+004, -5.7430920e+001,
  1.6500000e+004, -5.8001232e+001,
  1.6750000e+004, -5.8559784e+001,
  1.7000000e+004, -5.9147732e+001,
  1.7250000e+004, -5.9829754e+001,
  1.7500000e+004, -6.0464737e+001,
  1.7750000e+004, -6.1087963e+001,
  1.8000000e+004, -6.1781746e+001,
  1.8250000e+004, -6.2551956e+001,
  1.8500000e+004, -6.3269257e+001,
  1.8750000e+004, -6.4245251e+001,
  1.9000000e+004, -6.5044861e+001,
  1.9250000e+004, -6.6044376e+001,
  1.9500000e+004, -6.6914539e+001,
  1.9750000e+004, -6.7578922e+001,
  2.0000000e+004, -6.7643597e+001,
  2.0250000e+004, -6.6955696e+001,
  2.0500000e+004, -6.5368233e+001,
  2.0750000e+004, -6.3345688e+001,
  2.1000000e+004, -6.1040928e+001,
  2.1250000e+004, -5.8565662e+001,
  2.1500000e+004, -5.5866974e+001,
  2.1750000e+004, -5.2933109e+001,
  2.2000000e+004, -4.9434811e+001,
  2.2250000e+004, -4.4866444e+001,
  2.2500000e+004, -3.7046722e+001,
  2.2750000e+004, -2.5034920e+001,
  2.3000000e+004, -3.9616058e+001,
  2.3250000e+004, -4.4313774e+001,
  2.3500000e+004, -4.7088894e+001,
  2.3750000e+004, -4.9011486e+001,
  2.4000000e+004, -5.0451962e+001,
  2.4250000e+004, -5.1610222e+001,
  2.4500000e+004, -5.2545063e+001,
  2.4750000e+004, -5.3350552e+001,
  2.5000000e+004, -5.4026695e+001,
  2.5250000e+004, -5.4644039e+001,
  2.5500000e+004, -5.5184956e+001,
  2.5750000e+004, -5.5661194e+001,
  2.6000000e+004, -5.6108036e+001,
  2.6250000e+004, -5.6490200e+001,
  2.6500000e+004, -5.6854729e+001,
  2.6750000e+004, -5.7189861e+001,
  2.7000000e+004, -5.7524990e+001,
  2.7250000e+004, -5.7848366e+001,
  2.7500000e+004, -5.8118820e+001,
  2.7750000e+004, -5.8389278e+001,
  2.8000000e+004, -5.8565662e+001,
  2.8250000e+004, -5.8871395e+001,
  2.8500000e+004, -5.9153610e+001,
  2.8750000e+004, -5.9318237e+001,
  2.9000000e+004, -5.9506382e+001,
  2.9250000e+004, -5.9753319e+001,
  2.9500000e+004, -5.9906185e+001,
  2.9750000e+004, -6.0076691e+001,
  3.0000000e+004, -6.0276592e+001,
  3.0250000e+004, -6.0417702e+001,
  3.0500000e+004, -6.0629364e+001,
  3.0750000e+004, -6.0782230e+001,
  3.1000000e+004, -6.0911579e+001,
  3.1250000e+004, -6.1070324e+001,
  3.1500000e+004, -6.1217312e+001,
  3.1750000e+004, -6.1358421e+001,
  3.2000000e+004, -6.1493649e+001,
  3.2250000e+004, -6.1599480e+001,
  3.2500000e+004, -6.1752346e+001,
  3.2750000e+004, -6.1905212e+001,
  3.3000000e+004, -6.2011044e+001,
  3.3250000e+004, -6.2210945e+001,
  3.3500000e+004, -6.2199188e+001,
  3.3750000e+004, -6.2346176e+001,
  3.4000000e+004, -6.2404972e+001,
  3.4250000e+004, -6.2593113e+001,
  3.4500000e+004, -6.2669548e+001,
  3.4750000e+004, -6.2745979e+001,
  3.5000000e+004, -6.2928246e+001,
  3.5250000e+004, -6.2981159e+001,
  3.5500000e+004, -6.3063473e+001,
  3.5750000e+004, -6.3181065e+001,
  3.6000000e+004, -6.3257496e+001,
  3.6250000e+004, -6.3398605e+001,
  3.6500000e+004, -6.3457397e+001,
  3.6750000e+004, -6.3574989e+001,
  3.7000000e+004, -6.3663181e+001,
  3.7250000e+004, -6.3757252e+001,
  3.7500000e+004, -6.3798409e+001,
  3.7750000e+004, -6.3880722e+001,
  3.8000000e+004, -6.4010071e+001,
  3.8250000e+004, -6.4057106e+001,
  3.8500000e+004, -6.4174698e+001,
  3.8750000e+004, -6.4233494e+001,
  3.9000000e+004, -6.4251129e+001,
  3.9250000e+004, -6.4380478e+001,
  3.9500000e+004, -6.4380478e+001,
  3.9750000e+004, -6.4480431e+001,
  4.0000000e+004, -6.4621540e+001,
  4.0250000e+004, -6.4556866e+001,
  4.0500000e+004, -6.4686214e+001,
  4.0750000e+004, -6.4727371e+001,
  4.1000000e+004, -6.4768524e+001,
  4.1250000e+004, -6.4815563e+001,
  4.1500000e+004, -6.4950790e+001,
  4.1750000e+004, -6.4933151e+001,
  4.2000000e+004, -6.5033104e+001,
  4.2250000e+004, -6.5091900e+001,
  4.2500000e+004, -6.5103657e+001,
  4.2750000e+004, -6.5180092e+001,
  4.3000000e+004, -6.5244766e+001,
  4.3250000e+004, -6.5297680e+001,
  4.3500000e+004, -6.5268284e+001,
  4.3750000e+004, -6.5344715e+001,
  4.4000000e+004, -6.5415272e+001,
  4.4250000e+004, -6.5474064e+001,
  4.4500000e+004, -6.5568138e+001,
  4.4750000e+004, -6.5556377e+001,
  4.5000000e+004, -6.5603413e+001,
  4.5250000e+004, -6.5673969e+001,
  4.5500000e+004, -6.5697487e+001,
  4.5750000e+004, -6.5826836e+001,
  4.6000000e+004, -6.5820953e+001,
  4.6250000e+004, -6.5850353e+001,
  4.6500000e+004, -6.5967941e+001,
  4.6750000e+004, -6.5903267e+001,
  4.7000000e+004, -6.5867992e+001,
  4.7250000e+004, -6.5944424e+001,
  4.7500000e+004, -6.6079651e+001,
  4.7750000e+004, -6.6050255e+001,
  4.8000000e+004, -6.6085533e+001,
  4.8250000e+004, -6.6097290e+001,
  4.8500000e+004, -6.6144329e+001,
  4.8750000e+004, -6.6344231e+001,
  4.9000000e+004, -6.6226639e+001,
  4.9250000e+004, -6.6191364e+001,
  4.9500000e+004, -6.6261917e+001,
  4.9750000e+004, -6.6314831e+001,
  5.0000000e+004, -6.6279556e+001,
  5.0250000e+004, -6.6391266e+001,
  5.0500000e+004, -6.6408905e+001,
  5.0750000e+004, -6.6485336e+001,
  5.1000000e+004, -6.6426544e+001,
  5.1250000e+004, -6.6408905e+001,
  5.1500000e+004, -6.6520615e+001,
  5.1750000e+004, -6.6602928e+001,
  5.2000000e+004, -6.6444180e+001,
  5.2250000e+004, -6.6514736e+001,
  5.2500000e+004, -6.6544132e+001,
  5.2750000e+004, -6.6649963e+001,
  5.3000000e+004, -6.6638203e+001,
  5.3250000e+004, -6.6614685e+001,
  5.3500000e+004, -6.6655842e+001,
  5.3750000e+004, -6.6597050e+001,
  5.4000000e+004, -6.6720516e+001,
  5.4250000e+004, -6.6714638e+001,
  5.4500000e+004, -6.6755795e+001,
  5.4750000e+004, -6.6679359e+001,
  5.5000000e+004, -6.6832230e+001,
  5.5250000e+004, -6.6785191e+001,
  5.5500000e+004, -6.7108562e+001,
  5.5750000e+004, -6.6861626e+001,
  5.6000000e+004, -6.6561771e+001,
  5.6250000e+004, -6.6802830e+001,
  5.6500000e+004, -6.6820469e+001,
  5.6750000e+004, -6.6955696e+001,
  5.7000000e+004, -6.6661724e+001,
  5.7250000e+004, -6.6943939e+001,
  5.7500000e+004, -6.6943939e+001,
  5.7750000e+004, -6.6955696e+001,
  5.8000000e+004, -6.6996853e+001,
  5.8250000e+004, -6.6932178e+001,
  5.8500000e+004, -6.6990974e+001,
  5.8750000e+004, -6.7032131e+001,
  5.9000000e+004, -6.6796951e+001,
  5.9250000e+004, -6.6973335e+001,
  5.9500000e+004, -6.6961578e+001,
  5.9750000e+004, -6.6967457e+001,
  6.0000000e+004, -6.6961578e+001,
  6.0250000e+004, -6.7143841e+001,
  6.0500000e+004, -6.7055649e+001,
  6.0750000e+004, -6.7061527e+001,
  6.1000000e+004, -6.7026253e+001,
  6.1250000e+004, -6.7043888e+001,
  6.1500000e+004, -6.7043888e+001,
  6.1750000e+004, -6.7061527e+001,
  6.2000000e+004, -6.7196754e+001,
  6.2250000e+004, -6.7114445e+001,
  6.2500000e+004, -6.7167358e+001,
  6.2750000e+004, -6.7073288e+001,
  6.3000000e+004, -6.7126202e+001,
  6.3250000e+004, -6.7167358e+001,
  6.3500000e+004, -6.7243793e+001,
  6.3750000e+004, -6.7161480e+001,
  6.4000000e+004, -6.7137962e+001,
  6.4250000e+004, -6.7214394e+001,
  6.4500000e+004, -6.7132080e+001,
  6.4750000e+004, -6.7296707e+001,
  6.5000000e+004, -6.7114445e+001,
  6.5250000e+004, -6.7226154e+001,
  6.5500000e+004, -6.7255550e+001,
  6.5750000e+004, -6.7267311e+001,
  6.6000000e+004, -6.7220276e+001,
  6.6250000e+004, -6.7331985e+001,
  6.6500000e+004, -6.7237911e+001,
  6.6750000e+004, -6.7173237e+001,
  6.7000000e+004, -6.7279068e+001,
  6.7250000e+004, -6.7190876e+001,
  6.7500000e+004, -6.7284950e+001,
  6.7750000e+004, -6.7255550e+001,
  6.8000000e+004, -6.7226154e+001,
  6.8250000e+004, -6.7302586e+001,
  6.8500000e+004, -6.7284950e+001,
  6.8750000e+004, -6.7208515e+001,
  6.9000000e+004, -6.7331985e+001,
  6.9250000e+004, -6.7249672e+001,
  6.9500000e+004, -6.7279068e+001,
  6.9750000e+004, -6.7284950e+001,
  7.0000000e+004, -6.7126202e+001,
  7.0250000e+004, -6.7290829e+001,
  7.0500000e+004, -6.7202637e+001,
  7.0750000e+004, -6.7243793e+001,
  7.1000000e+004, -6.7132080e+001,
  7.1250000e+004, -6.7290829e+001,
  7.1500000e+004, -6.7273190e+001,
  7.1750000e+004, -6.7343742e+001,
  7.2000000e+004, -6.7279068e+001,
  7.2250000e+004, -6.7261429e+001,
  7.2500000e+004, -6.7214394e+001,
  7.2750000e+004, -6.7232033e+001,
  7.3000000e+004, -6.7184998e+001,
  7.3250000e+004, -6.7308468e+001,
  7.3500000e+004, -6.7096806e+001,
  7.3750000e+004, -6.7255550e+001,
  7.4000000e+004, -6.7202637e+001,
  7.4250000e+004, -6.7214394e+001,
  7.4500000e+004, -6.7155602e+001,
  7.4750000e+004, -6.7261429e+001,
  7.5000000e+004, -6.7237911e+001,
  7.5250000e+004, -6.7220276e+001,
  7.5500000e+004, -6.7137962e+001,
  7.5750000e+004, -6.7220276e+001,
  7.6000000e+004, -6.7085045e+001,
  7.6250000e+004, -6.7184998e+001,
  7.6500000e+004, -6.7214394e+001,
  7.6750000e+004, -6.7043888e+001,
  7.7000000e+004, -6.7108562e+001,
  7.7250000e+004, -6.7149719e+001,
  7.7500000e+004, -6.7073288e+001,
  7.7750000e+004, -6.7014492e+001,
  7.8000000e+004, -6.7079166e+001,
  7.8250000e+004, -6.7049770e+001,
  7.8500000e+004, -6.7032131e+001,
  7.8750000e+004, -6.6885143e+001,
  7.9000000e+004, -6.7008614e+001,
  7.9250000e+004, -6.7061527e+001,
  7.9500000e+004, -6.6996853e+001,
  7.9750000e+004, -6.7038010e+001,
  8.0000000e+004, -6.7102684e+001,
  8.0250000e+004, -6.6973335e+001,
  8.0500000e+004, -6.6967457e+001,
  8.0750000e+004, -6.6943939e+001,
  8.1000000e+004, -6.6973335e+001,
  8.1250000e+004, -6.6867504e+001,
  8.1500000e+004, -6.6914539e+001,
  8.1750000e+004, -6.6896904e+001,
  8.2000000e+004, -6.6896904e+001,
  8.2250000e+004, -6.6902782e+001,
  8.2500000e+004, -6.6873383e+001,
  8.2750000e+004, -6.6902782e+001,
  8.3000000e+004, -6.6826347e+001,
  8.3250000e+004, -6.6896904e+001,
  8.3500000e+004, -6.6744034e+001,
  8.3750000e+004, -6.6814590e+001,
  8.4000000e+004, -6.6838108e+001,
  8.4250000e+004, -6.6785191e+001,
  8.4500000e+004, -6.6696999e+001,
  8.4750000e+004, -6.6714638e+001,
  8.5000000e+004, -6.6708759e+001,
  8.5250000e+004, -6.6632324e+001,
  8.5500000e+004, -6.6667603e+001,
  8.5750000e+004, -6.6649963e+001,
  8.6000000e+004, -6.6638203e+001,
  8.6250000e+004, -6.6514736e+001,
  8.6500000e+004, -6.6467701e+001,
  8.6750000e+004, -6.6544132e+001,
  8.7000000e+004, -6.6550011e+001,
  8.7250000e+004, -6.6508854e+001,
  8.7500000e+004, -6.6508854e+001,
  8.7750000e+004, -6.6403027e+001,
  8.8000000e+004, -6.6455940e+001,
  8.8250000e+004, -6.6344231e+001,
  8.8500000e+004, -6.6373627e+001,
  8.8750000e+004, -6.6308952e+001,
  8.9000000e+004, -6.6373627e+001,
  8.9250000e+004, -6.6397144e+001,
  8.9500000e+004, -6.6256039e+001,
  8.9750000e+004, -6.6097290e+001,
  9.0000000e+004, -6.6144329e+001,
  9.0250000e+004, -6.6103172e+001,
  9.0500000e+004, -6.6120808e+001,
  9.0750000e+004, -6.6244278e+001,
  9.1000000e+004, -6.5956184e+001,
  9.1250000e+004, -6.5903267e+001,
  9.1500000e+004, -6.5809196e+001,
  9.1750000e+004, -6.5785679e+001,
  9.2000000e+004, -6.5779800e+001,
  9.2250000e+004, -6.5673969e+001,
  9.2500000e+004, -6.5638691e+001,
  9.2750000e+004, -6.5644569e+001,
  9.3000000e+004, -6.5515221e+001,
  9.3250000e+004, -6.5532860e+001,
  9.3500000e+004, -6.5474064e+001,
  9.3750000e+004, -6.5450546e+001,
  9.4000000e+004, -6.5315319e+001,
  9.4250000e+004, -6.5209488e+001,
  9.4500000e+004, -6.5174210e+001,
  9.4750000e+004, -6.5050743e+001,
  9.5000000e+004, -6.5062500e+001,
  9.5250000e+004, -6.4962551e+001,
  9.5500000e+004, -6.4968430e+001,
  9.5750000e+004, -6.4880238e+001,
  9.6000000e+004, -6.4780285e+001,
  9.6250000e+004, -6.4721489e+001,
  9.6500000e+004, -6.4821442e+001,
  9.6750000e+004, -6.4756767e+001,
  9.7000000e+004, -6.4609779e+001,
  9.7250000e+004, -6.4509827e+001,
  9.7500000e+004, -6.4533348e+001,
  9.7750000e+004, -6.4603901e+001,
  9.8000000e+004, -6.4515709e+001,
  9.8250000e+004, -6.4409878e+001,
  9.8500000e+004, -6.4351082e+001,
  9.8750000e+004, -6.4433395e+001,
  9.9000000e+004, -6.4321686e+001,
  9.9250000e+004, -6.4292286e+001,
  9.9500000e+004, -6.4262890e+001,
  9.9750000e+004, -6.4204094e+001,
