  0.0000000e+000, -7.7674011e+001,
  2.5000000e+002, -9.8410980e+001,
  5.0000000e+002, -1.0079217e+002,
  7.5000000e+002, -9.9792660e+001,
  1.0000000e+003, -9.8410980e+001,
  1.2500000e+003, -9.4430563e+001,
  1.5000000e+003, -1.0239140e+002,
  1.7500000e+003, -1.0239140e+002,
  2.0000000e+003, -1.0239140e+002,
  2.2500000e+003, -1.0099796e+002,
  2.5000000e+003, -9.6047424e+001,
  2.7500000e+003, -1.0239140e+002,
  3.0000000e+003, -1.0239140e+002,
  3.2500000e+003, -9.8493292e+001,
  3.5000000e+003, -9.7182166e+001,
  3.7500000e+003, -1.0118610e+002,
  4.0000000e+003, -1.0239140e+002,
  4.2500000e+003, -9.9551601e+001,
  4.5000000e+003, -1.0090976e+002,
  4.7500000e+003, -9.6188531e+001,
  5.0000000e+003, -9.7229202e+001,
  5.2500000e+003, -9.6647132e+001,
  5.5000000e+003, -9.8510931e+001,
  5.7500000e+003, -9.9169434e+001,
  6.0000000e+003, -9.6335519e+001,
  6.2500000e+003, -9.9022447e+001,
  6.5000000e+003, -9.5641739e+001,
  6.7500000e+003, -9.5336005e+001,
  7.0000000e+003, -1.0239140e+002,
  7.2500000e+003, -1.0085097e+002,
  7.5000000e+003, -1.0239140e+002,
  7.7500000e+003, -9.9657432e+001,
  8.0000000e+003, -1.0135660e+002,
  8.2500000e+003, -9.8857821e+001,
  8.5000000e+003, -9.7781874e+001,
  8.7500000e+003, -9.7875946e+001,
  9.0000000e+003, -9.4689261e+001,
  9.2500000e+003, -9.7434984e+001,
  9.5000000e+003, -9.9234108e+001,
  9.7500000e+003, -9.6476626e+001,
  1.0000000e+004, -1.0239140e+002,
  1.0250000e+004, -9.8093487e+001,
  1.0500000e+004, -9.6741204e+001,
  1.0750000e+004, -1.0075690e+002,
  1.1000000e+004, -9.5818123e+001,
  1.1250000e+004, -9.9116518e+001,
  1.1500000e+004, -1.0239140e+002,
  1.1750000e+004, -9.4213022e+001,
  1.2000000e+004, -9.6253206e+001,
  1.2250000e+004, -9.6370796e+001,
  1.2500000e+004, -9.9551601e+001,
  1.2750000e+004, -9.9810299e+001,
  1.3000000e+004, -1.0239140e+002,
  1.3250000e+004, -9.8493292e+001,
  1.3500000e+004, -9.8663798e+001,
  1.3750000e+004, -1.0052172e+002,
  1.4000000e+004, -9.9486927e+001,
  1.4250000e+004, -9.5888678e+001,
  1.4500000e+004, -1.0070986e+002,
  1.4750000e+004, -9.7229202e+001,
  1.5000000e+004, -9.8575605e+001,
  1.5250000e+004, -9.7146889e+001,
  1.5500000e+004, -9.9657432e+001,
  1.5750000e+004, -9.6253206e+001,
  1.6000000e+004, -9.5847521e+001,
  1.6250000e+004, -9.6935227e+001,
  1.6500000e+004, -9.4171865e+001,
  1.6750000e+004, -9.9957286e+001,
  1.7000000e+004, -9.6817637e+001,
  1.7250000e+004, -9.7640766e+001,
  1.7500000e+004, -9.8346305e+001,
  1.7750000e+004, -9.8410980e+001,
  1.8000000e+004, -9.6705927e+001,
  1.8250000e+004, -9.7576092e+001,
  1.8500000e+004, -9.5136102e+001,
  1.8750000e+004, -1.0186812e+002,
  1.9000000e+004, -9.3489844e+001,
  1.9250000e+004, -9.6799999e+001,
  1.9500000e+004, -9.7193924e+001,
  1.9750000e+004, -9.5506510e+001,
  2.0000000e+004, -9.4471720e+001,
  2.0250000e+004, -9.6635373e+001,
  2.0500000e+004, -9.5953352e+001,
  2.0750000e+004, -9.4818610e+001,
  2.1000000e+004, -9.8857821e+001,
  2.1250000e+004, -1.0035709e+002,
  2.1500000e+004, -9.6223808e+001,
  2.1750000e+004, -9.5159620e+001,
  2.2000000e+004, -9.8299269e+001,
  2.2250000e+004, -9.6435470e+001,
  2.2500000e+004, -9.9839696e+001,
  2.2750000e+004, -9.7458502e+001,
  2.3000000e+004, -9.2131682e+001,
  2.3250000e+004, -9.4089553e+001,
  2.3500000e+004, -9.4665743e+001,
  2.3750000e+004, -9.3819097e+001,
  2.4000000e+004, -9.7346791e+001,
  2.4250000e+004, -9.2960690e+001,
  2.4500000e+004, -9.1814189e+001,
  2.4750000e+004, -9.0861712e+001,
  2.5000000e+004, -8.3588779e+001,
  2.5250000e+004, -9.2607921e+001,
  2.5500000e+004, -9.8687316e+001,
  2.5750000e+004, -9.8093487e+001,
  2.6000000e+004, -9.9775022e+001,
  2.6250000e+004, -9.6200291e+001,
  2.6500000e+004, -9.6223808e+001,
  2.6750000e+004, -9.9145916e+001,
  2.7000000e+004, -9.4971477e+001,
  2.7250000e+004, -9.4448202e+001,
  2.7500000e+004, -1.0152123e+002,
  2.7750000e+004, -9.5677016e+001,
  2.8000000e+004, -9.7887705e+001,
  2.8250000e+004, -9.3478086e+001,
  2.8500000e+004, -9.6029785e+001,
  2.8750000e+004, -9.4001361e+001,
  2.9000000e+004, -9.2837221e+001,
  2.9250000e+004, -9.4783333e+001,
  2.9500000e+004, -9.3095919e+001,
  2.9750000e+004, -9.3883771e+001,
  3.0000000e+004, -9.5677016e+001,
  3.0250000e+004, -9.5000874e+001,
  3.0500000e+004, -9.2443295e+001,
  3.0750000e+004, -9.4365889e+001,
  3.1000000e+004, -9.6029785e+001,
  3.1250000e+004, -9.2807823e+001,
  3.1500000e+004, -9.8622641e+001,
  3.1750000e+004, -9.2801944e+001,
  3.2000000e+004, -9.6758842e+001,
  3.2250000e+004, -9.6829396e+001,
  3.2500000e+004, -9.4859766e+001,
  3.2750000e+004, -9.2178718e+001,
  3.3000000e+004, -9.2602041e+001,
  3.3250000e+004, -9.2637319e+001,
  3.3500000e+004, -9.1161566e+001,
  3.3750000e+004, -9.4260058e+001,
  3.4000000e+004, -9.4283576e+001,
  3.4250000e+004, -9.4365889e+001,
  3.4500000e+004, -9.1725997e+001,
  3.4750000e+004, -9.2378621e+001,
  3.5000000e+004, -9.2455054e+001,
  3.5250000e+004, -9.3919047e+001,
  3.5500000e+004, -9.2366861e+001,
  3.5750000e+004, -9.3636832e+001,
  3.6000000e+004, -9.0738242e+001,
  3.6250000e+004, -9.1055735e+001,
  3.6500000e+004, -9.0115016e+001,
  3.6750000e+004, -9.2172838e+001,
  3.7000000e+004, -9.1725997e+001,
  3.7250000e+004, -9.0115016e+001,
  3.7500000e+004, -9.2419777e+001,
  3.7750000e+004, -9.1208602e+001,
  3.8000000e+004, -9.0026824e+001,
  3.8250000e+004, -9.1808310e+001,
  3.8500000e+004, -9.0097378e+001,
  3.8750000e+004, -8.9973908e+001,
  3.9000000e+004, -8.8145387e+001,
  3.9250000e+004, -9.1820069e+001,
  3.9500000e+004, -8.7398691e+001,
  3.9750000e+004, -9.0338437e+001,
  4.0000000e+004, -9.1720118e+001,
  4.0250000e+004, -8.9774006e+001,
  4.0500000e+004, -8.8168904e+001,
  4.0750000e+004, -8.7969002e+001,
  4.1000000e+004, -8.8110109e+001,
  4.1250000e+004, -8.8645144e+001,
  4.1500000e+004, -8.8651023e+001,
  4.1750000e+004, -8.6387419e+001,
  4.2000000e+004, -8.7128234e+001,
  4.2250000e+004, -8.5964094e+001,
  4.2500000e+004, -8.6499128e+001,
  4.2750000e+004, -8.6616718e+001,
  4.3000000e+004, -8.5593687e+001,
  4.3250000e+004, -8.5446699e+001,
  4.3500000e+004, -8.4929304e+001,
  4.3750000e+004, -8.5822987e+001,
  4.4000000e+004, -8.5064533e+001,
  4.4250000e+004, -8.3976826e+001,
  4.4500000e+004, -8.3847477e+001,
  4.4750000e+004, -8.4382511e+001,
  4.5000000e+004, -8.3312445e+001,
  4.5250000e+004, -8.2847963e+001,
  4.5500000e+004, -8.2289412e+001,
  4.5750000e+004, -8.1777897e+001,
  4.6000000e+004, -8.1236982e+001,
  4.6250000e+004, -8.0649035e+001,
  4.6500000e+004, -7.9326149e+001,
  4.6750000e+004, -7.9690678e+001,
  4.7000000e+004, -7.8432465e+001,
  4.7250000e+004, -7.8261961e+001,
  4.7500000e+004, -7.7050785e+001,
  4.7750000e+004, -7.7115459e+001,
  4.8000000e+004, -7.5569153e+001,
  4.8250000e+004, -7.4869493e+001,
  4.8500000e+004, -7.3434896e+001,
  4.8750000e+004, -7.1776880e+001,
  4.9000000e+004, -7.0283489e+001,
  4.9250000e+004, -6.8272705e+001,
  4.9500000e+004, -6.5632813e+001,
  4.9750000e+004, -6.1687672e+001,
  5.0000000e+004, -5.4497055e+001,
  5.0250000e+004, -4.3719944e+001,
  5.0500000e+004, -5.8442192e+001,
  5.0750000e+004, -6.3539711e+001,
  5.1000000e+004, -6.6920422e+001,
  5.1250000e+004, -6.9336891e+001,
  5.1500000e+004, -7.1065462e+001,
  5.1750000e+004, -7.2370708e+001,
  5.2000000e+004, -7.3993448e+001,
  5.2250000e+004, -7.4934168e+001,
  5.2500000e+004, -7.6127705e+001,
  5.2750000e+004, -7.6980230e+001,
  5.3000000e+004, -7.7574060e+001,
  5.3250000e+004, -7.8508900e+001,
  5.3500000e+004, -7.8732319e+001,
  5.3750000e+004, -7.9008656e+001,
  5.4000000e+004, -7.9772989e+001,
  5.4250000e+004, -8.0643154e+001,
  5.4500000e+004, -8.1407488e+001,
  5.4750000e+004, -8.1525078e+001,
  5.5000000e+004, -8.2442280e+001,
  5.5250000e+004, -8.2947916e+001,
  5.5500000e+004, -8.4311958e+001,
  5.5750000e+004, -8.4235523e+001,
  5.6000000e+004, -8.3406515e+001,
  5.6250000e+004, -8.4576534e+001,
  5.6500000e+004, -8.5182123e+001,
  5.6750000e+004, -8.4964581e+001,
  5.7000000e+004, -8.5334990e+001,
  5.7250000e+004, -8.6205154e+001,
  5.7500000e+004, -8.5264435e+001,
  5.7750000e+004, -8.5781830e+001,
  5.8000000e+004, -8.6363901e+001,
  5.8250000e+004, -8.5723036e+001,
  5.8500000e+004, -8.7686786e+001,
  5.8750000e+004, -8.7869050e+001,
  5.9000000e+004, -8.7069439e+001,
  5.9250000e+004, -8.7286981e+001,
  5.9500000e+004, -8.7969002e+001,
  5.9750000e+004, -8.7386932e+001,
  6.0000000e+004, -8.7974881e+001,
  6.0250000e+004, -9.1967056e+001,
  6.0500000e+004, -8.7992519e+001,
  6.0750000e+004, -8.9327165e+001,
  6.1000000e+004, -8.8621625e+001,
  6.1250000e+004, -9.1667202e+001,
  6.1500000e+004, -8.8868564e+001,
  6.1750000e+004, -8.9950391e+001,
  6.2000000e+004, -9.0226727e+001,
  6.2250000e+004, -8.9956270e+001,
  6.2500000e+004, -8.9197816e+001,
  6.2750000e+004, -9.2913654e+001,
  6.3000000e+004, -9.2308066e+001,
  6.3250000e+004, -9.1138048e+001,
  6.3500000e+004, -9.2631439e+001,
  6.3750000e+004, -9.1061614e+001,
  6.4000000e+004, -8.9544705e+001,
  6.4250000e+004, -9.2590282e+001,
  6.4500000e+004, -9.0097378e+001,
  6.4750000e+004, -9.3113557e+001,
  6.5000000e+004, -9.2943052e+001,
  6.5250000e+004, -9.2390380e+001,
  6.5500000e+004, -9.1161566e+001,
  6.5750000e+004, -9.1967056e+001,
  6.6000000e+004, -9.5059669e+001,
  6.6250000e+004, -9.1249758e+001,
  6.6500000e+004, -8.8956757e+001,
  6.6750000e+004, -9.4771574e+001,
  6.7000000e+004, -9.4806851e+001,
  6.7250000e+004, -9.1461420e+001,
  6.7500000e+004, -9.4007240e+001,
  6.7750000e+004, -9.4089553e+001,
  6.8000000e+004, -9.1249758e+001,
  6.8250000e+004, -9.4877405e+001,
  6.8500000e+004, -9.6217929e+001,
  6.8750000e+004, -9.2602041e+001,
  6.9000000e+004, -9.3072401e+001,
  6.9250000e+004, -9.5336005e+001,
  6.9500000e+004, -9.3113557e+001,
  6.9750000e+004, -9.2672595e+001,
  7.0000000e+004, -9.4642225e+001,
  7.0250000e+004, -9.6558939e+001,
  7.0500000e+004, -9.2643198e+001,
  7.0750000e+004, -9.4195384e+001,
  7.1000000e+004, -9.1455541e+001,
  7.1250000e+004, -9.2725511e+001,
  7.1500000e+004, -9.6764722e+001,
  7.1750000e+004, -9.3219388e+001,
  7.2000000e+004, -9.9210590e+001,
  7.2250000e+004, -9.3354616e+001,
  7.2500000e+004, -9.5718172e+001,
  7.2750000e+004, -9.8040572e+001,
  7.3000000e+004, -9.4189505e+001,
  7.3250000e+004, -9.4060155e+001,
  7.3500000e+004, -9.9210590e+001,
  7.3750000e+004, -9.6112098e+001,
  7.4000000e+004, -9.3772060e+001,
  7.4250000e+004, -9.6288483e+001,
  7.4500000e+004, -9.3336978e+001,
  7.4750000e+004, -1.0045704e+002,
  7.5000000e+004, -9.3378135e+001,
  7.5250000e+004, -9.4195384e+001,
  7.5500000e+004, -9.6270844e+001,
  7.5750000e+004, -9.3025365e+001,
  7.6000000e+004, -9.4959718e+001,
  7.6250000e+004, -9.6253206e+001,
  7.6500000e+004, -9.7064576e+001,
  7.6750000e+004, -1.0008076e+002,
  7.7000000e+004, -9.2272790e+001,
  7.7250000e+004, -1.0035709e+002,
  7.7500000e+004, -9.7011661e+001,
  7.7750000e+004, -9.5089067e+001,
  7.8000000e+004, -9.7746597e+001,
  7.8250000e+004, -9.5553546e+001,
  7.8500000e+004, -9.7011661e+001,
  7.8750000e+004, -9.5747570e+001,
  7.9000000e+004, -9.7870066e+001,
  7.9250000e+004, -9.7746597e+001,
  7.9500000e+004, -9.8957772e+001,
  7.9750000e+004, -9.7640766e+001,
  8.0000000e+004, -9.2114043e+001,
  8.0250000e+004, -9.9839696e+001,
  8.0500000e+004, -1.0239140e+002,
  8.0750000e+004, -9.8093487e+001,
  8.1000000e+004, -9.6400193e+001,
  8.1250000e+004, -9.8346305e+001,
  8.1500000e+004, -9.3783819e+001,
  8.1750000e+004, -9.5189018e+001,
  8.2000000e+004, -9.9304662e+001,
  8.2250000e+004, -9.4195384e+001,
  8.2500000e+004, -9.6476626e+001,
  8.2750000e+004, -9.4213022e+001,
  8.3000000e+004, -9.9657432e+001,
  8.3250000e+004, -9.5865160e+001,
  8.3500000e+004, -9.7599609e+001,
  8.3750000e+004, -9.7276237e+001,
  8.4000000e+004, -1.0044528e+002,
  8.4250000e+004, -1.0239140e+002,
  8.4500000e+004, -9.6635373e+001,
  8.4750000e+004, -9.5747570e+001,
  8.5000000e+004, -9.5818123e+001,
  8.5250000e+004, -9.7875946e+001,
  8.5500000e+004, -9.9122398e+001,
  8.5750000e+004, -9.7593730e+001,
  8.6000000e+004, -9.6647132e+001,
  8.6250000e+004, -9.9304662e+001,
  8.6500000e+004, -9.5406559e+001,
  8.6750000e+004, -9.8622641e+001,
  8.7000000e+004, -1.0237376e+002,
  8.7250000e+004, -9.6705927e+001,
  8.7500000e+004, -9.6364916e+001,
  8.7750000e+004, -9.8493292e+001,
  8.8000000e+004, -9.6564819e+001,
  8.8250000e+004, -1.0146832e+002,
  8.8500000e+004, -9.4818610e+001,
  8.8750000e+004, -9.8622641e+001,
  8.9000000e+004, -9.8193438e+001,
  8.9250000e+004, -9.9381096e+001,
  8.9500000e+004, -1.0239140e+002,
  8.9750000e+004, -9.6488386e+001,
  9.0000000e+004, -9.5671136e+001,
  9.0250000e+004, -9.7564332e+001,
  9.0500000e+004, -1.0185636e+002,
  9.0750000e+004, -9.8869580e+001,
  9.1000000e+004, -9.7029299e+001,
  9.1250000e+004, -9.9657432e+001,
  9.1500000e+004, -9.8610882e+001,
  9.1750000e+004, -1.0116258e+002,
  9.2000000e+004, -9.9169434e+001,
  9.2250000e+004, -9.8117005e+001,
  9.2500000e+004, -1.0232672e+002,
  9.2750000e+004, -9.6035665e+001,
  9.3000000e+004, -9.8804905e+001,
  9.3250000e+004, -9.6035665e+001,
  9.3500000e+004, -9.9445770e+001,
  9.3750000e+004, -9.7029299e+001,
  9.4000000e+004, -9.4095432e+001,
  9.4250000e+004, -9.4642225e+001,
  9.4500000e+004, -9.8622641e+001,
  9.4750000e+004, -9.7287996e+001,
  9.5000000e+004, -1.0217973e+002,
  9.5250000e+004, -9.8857821e+001,
  9.5500000e+004, -1.0239140e+002,
  9.5750000e+004, -9.8575605e+001,
  9.6000000e+004, -1.0176817e+002,
  9.6250000e+004, -9.7970017e+001,
  9.6500000e+004, -1.0239140e+002,
  9.6750000e+004, -9.5253692e+001,
  9.7000000e+004, -1.0239140e+002,
  9.7250000e+004, -9.7182166e+001,
  9.7500000e+004, -1.0224441e+002,
  9.7750000e+004, -9.7011661e+001,
  9.8000000e+004, -1.0239140e+002,
  9.8250000e+004, -9.7476140e+001,
  9.8500000e+004, -9.4653984e+001,
  9.8750000e+004, -9.7270358e+001,
  9.9000000e+004, -1.0239140e+002,
  9.9250000e+004, -9.9839696e+001,
  9.9500000e+004, -1.0239140e+002,
  9.9750000e+004, -1.0019247e+002,
