  0.0000000e+000, -3.7863968e+001,
  2.5000000e+002, -4.1215282e+001,
  5.0000000e+002, -5.1939476e+001,
  7.5000000e+002, -7.2676443e+001,
  1.0000000e+003, -8.1636789e+001,
  1.2500000e+003, -7.7944468e+001,
  1.5000000e+003, -7.5733778e+001,
  1.7500000e+003, -7.2952780e+001,
  2.0000000e+003, -6.9936600e+001,
  2.2500000e+003, -6.7408417e+001,
  2.5000000e+003, -6.4827320e+001,
  2.7500000e+003, -6.2375572e+001,
  3.0000000e+003, -6.0364788e+001,
  3.2500000e+003, -5.7995350e+001,
  3.5000000e+003, -5.6043362e+001,
  3.7500000e+003, -5.4067852e+001,
  4.0000000e+003, -5.2204052e+001,
  4.2500000e+003, -5.0440205e+001,
  4.5000000e+003, -4.8776306e+001,
  4.7500000e+003, -4.7171207e+001,
  5.0000000e+003, -4.5630779e+001,
  5.2500000e+003, -4.4184425e+001,
  5.5000000e+003, -4.2814503e+001,
  5.7500000e+003, -4.1491615e+001,
  6.0000000e+003, -4.0233406e+001,
  6.2500000e+003, -3.9039867e+001,
  6.5000000e+003, -3.7905128e+001,
  6.7500000e+003, -3.6846817e+001,
  7.0000000e+003, -3.5835548e+001,
  7.2500000e+003, -3.4853668e+001,
  7.5000000e+003, -3.3942352e+001,
  7.7500000e+003, -3.3083946e+001,
  8.0000000e+003, -3.2272575e+001,
  8.2500000e+003, -3.1508240e+001,
  8.5000000e+003, -3.0796822e+001,
  8.7500000e+003, -3.0126556e+001,
  9.0000000e+003, -2.9503334e+001,
  9.2500000e+003, -2.8921265e+001,
  9.5000000e+003, -2.8386230e+001,
  9.7500000e+003, -2.7898232e+001,
  1.0000000e+004, -2.7445511e+001,
  1.0250000e+004, -2.7039825e+001,
  1.0500000e+004, -2.6675301e+001,
  1.0750000e+004, -2.6346046e+001,
  1.1000000e+004, -2.6063828e+001,
  1.1250000e+004, -2.5822769e+001,
  1.1500000e+004, -2.5616989e+001,
  1.1750000e+004, -2.5452362e+001,
  1.2000000e+004, -2.5328896e+001,
  1.2250000e+004, -2.5246582e+001,
  1.2500000e+004, -2.5205421e+001,
  1.2750000e+004, -2.5199547e+001,
  1.3000000e+004, -2.5234825e+001,
  1.3250000e+004, -2.5311256e+001,
  1.3500000e+004, -2.5422966e+001,
  1.3750000e+004, -2.5581711e+001,
  1.4000000e+004, -2.5775734e+001,
  1.4250000e+004, -2.6010918e+001,
  1.4500000e+004, -2.6287254e+001,
  1.4750000e+004, -2.6610626e+001,
  1.5000000e+004, -2.6963394e+001,
  1.5250000e+004, -2.7363197e+001,
  1.5500000e+004, -2.7804161e+001,
  1.5750000e+004, -2.8286278e+001,
  1.6000000e+004, -2.8815430e+001,
  1.6250000e+004, -2.9385742e+001,
  1.6500000e+004, -3.0003090e+001,
  1.6750000e+004, -3.0655716e+001,
  1.7000000e+004, -3.1361252e+001,
  1.7250000e+004, -3.2119705e+001,
  1.7500000e+004, -3.2925194e+001,
  1.7750000e+004, -3.3777725e+001,
  1.8000000e+004, -3.4671410e+001,
  1.8250000e+004, -3.5635643e+001,
  1.8500000e+004, -3.6646919e+001,
  1.8750000e+004, -3.7699348e+001,
  1.9000000e+004, -3.8822327e+001,
  1.9250000e+004, -3.9998226e+001,
  1.9500000e+004, -4.1256439e+001,
  1.9750000e+004, -4.2561684e+001,
  2.0000000e+004, -4.3908089e+001,
  2.0250000e+004, -4.5348564e+001,
  2.0500000e+004, -4.6865475e+001,
  2.0750000e+004, -4.8470573e+001,
  2.1000000e+004, -5.0128590e+001,
  2.1250000e+004, -5.1839523e+001,
  2.1500000e+004, -5.3767998e+001,
  2.1750000e+004, -5.5584759e+001,
  2.2000000e+004, -5.7754292e+001,
  2.2250000e+004, -5.9788597e+001,
  2.2500000e+004, -6.1946369e+001,
  2.2750000e+004, -6.4380478e+001,
  2.3000000e+004, -6.7061527e+001,
  2.3250000e+004, -6.9589710e+001,
  2.3500000e+004, -7.2070856e+001,
  2.3750000e+004, -7.4922409e+001,
  2.4000000e+004, -7.8320755e+001,
  2.4250000e+004, -8.0649035e+001,
  2.4500000e+004, -8.2248257e+001,
  2.4750000e+004, -8.2889120e+001,
  2.5000000e+004, -8.6893055e+001,
  2.5250000e+004, -8.3206614e+001,
  2.5500000e+004, -8.4958702e+001,
  2.5750000e+004, -8.2865602e+001,
  2.6000000e+004, -8.1801414e+001,
  2.6250000e+004, -7.7820999e+001,
  2.6500000e+004, -7.6151222e+001,
  2.6750000e+004, -7.2417746e+001,
  2.7000000e+004, -7.0183537e+001,
  2.7250000e+004, -6.7314346e+001,
  2.7500000e+004, -6.4933151e+001,
  2.7750000e+004, -6.2369694e+001,
  2.8000000e+004, -6.0247196e+001,
  2.8250000e+004, -5.8077663e+001,
  2.8500000e+004, -5.5955166e+001,
  2.8750000e+004, -5.4026695e+001,
  2.9000000e+004, -5.2245209e+001,
  2.9250000e+004, -5.0451962e+001,
  2.9500000e+004, -4.8735149e+001,
  2.9750000e+004, -4.7130051e+001,
  3.0000000e+004, -4.5613140e+001,
  3.0250000e+004, -4.4184425e+001,
  3.0500000e+004, -4.2790985e+001,
  3.0750000e+004, -4.1468098e+001,
  3.1000000e+004, -4.0215767e+001,
  3.1250000e+004, -3.9022232e+001,
  3.1500000e+004, -3.7899246e+001,
  3.1750000e+004, -3.6823303e+001,
  3.2000000e+004, -3.5806145e+001,
  3.2250000e+004, -3.4836029e+001,
  3.2500000e+004, -3.3930588e+001,
  3.2750000e+004, -3.3066307e+001,
  3.3000000e+004, -3.2249054e+001,
  3.3250000e+004, -3.1490601e+001,
  3.3500000e+004, -3.0779182e+001,
  3.3750000e+004, -3.0103043e+001,
  3.4000000e+004, -2.9485695e+001,
  3.4250000e+004, -2.8903625e+001,
  3.4500000e+004, -2.8368591e+001,
  3.4750000e+004, -2.7874710e+001,
  3.5000000e+004, -2.7427872e+001,
  3.5250000e+004, -2.7022186e+001,
  3.5500000e+004, -2.6663536e+001,
  3.5750000e+004, -2.6340164e+001,
  3.6000000e+004, -2.6052071e+001,
  3.6250000e+004, -2.5805130e+001,
  3.6500000e+004, -2.5605232e+001,
  3.6750000e+004, -2.5446480e+001,
  3.7000000e+004, -2.5323013e+001,
  3.7250000e+004, -2.5240700e+001,
  3.7500000e+004, -2.5199547e+001,
  3.7750000e+004, -2.5199547e+001,
  3.8000000e+004, -2.5234825e+001,
  3.8250000e+004, -2.5311256e+001,
  3.8500000e+004, -2.5428848e+001,
  3.8750000e+004, -2.5587593e+001,
  3.9000000e+004, -2.5787491e+001,
  3.9250000e+004, -2.6022675e+001,
  3.9500000e+004, -2.6304886e+001,
  3.9750000e+004, -2.6628258e+001,
  4.0000000e+004, -2.6981033e+001,
  4.0250000e+004, -2.7386719e+001,
  4.0500000e+004, -2.7827675e+001,
  4.0750000e+004, -2.8315674e+001,
  4.1000000e+004, -2.8838951e+001,
  4.1250000e+004, -2.9415138e+001,
  4.1500000e+004, -3.0038368e+001,
  4.1750000e+004, -3.0702751e+001,
  4.2000000e+004, -3.1408287e+001,
  4.2250000e+004, -3.2172623e+001,
  4.2500000e+004, -3.2978111e+001,
  4.2750000e+004, -3.3836517e+001,
  4.3000000e+004, -3.4741959e+001,
  4.3250000e+004, -3.5700317e+001,
  4.3500000e+004, -3.6705711e+001,
  4.3750000e+004, -3.7769897e+001,
  4.4000000e+004, -3.8910519e+001,
  4.4250000e+004, -4.0092297e+001,
  4.4500000e+004, -4.1326992e+001,
  4.4750000e+004, -4.2649876e+001,
  4.5000000e+004, -4.4031559e+001,
  4.5250000e+004, -4.5466152e+001,
  4.5500000e+004, -4.6971302e+001,
  4.5750000e+004, -4.8552887e+001,
  4.6000000e+004, -5.0293217e+001,
  4.6250000e+004, -5.1980633e+001,
  4.6500000e+004, -5.3897346e+001,
  4.6750000e+004, -5.5731747e+001,
  4.7000000e+004, -5.7883640e+001,
  4.7250000e+004, -5.9888546e+001,
  4.7500000e+004, -6.2322659e+001,
  4.7750000e+004, -6.4427517e+001,
  4.8000000e+004, -6.7290829e+001,
  4.8250000e+004, -6.9654385e+001,
  4.8500000e+004, -7.2235481e+001,
  4.8750000e+004, -7.5404528e+001,
  4.9000000e+004, -7.8491261e+001,
  4.9250000e+004, -6.5215366e+001,
  4.9500000e+004, -4.6048222e+001,
  4.9750000e+004, -3.6664551e+001,
  5.0000000e+004, -3.4312759e+001,
  5.0250000e+004, -3.6658676e+001,
  5.0500000e+004, -4.6024704e+001,
  5.0750000e+004, -6.5191849e+001,
  5.1000000e+004, -7.8949862e+001,
  5.1250000e+004, -7.5051758e+001,
  5.1500000e+004, -7.2364830e+001,
  5.1750000e+004, -7.0030670e+001,
  5.2000000e+004, -6.7114445e+001,
  5.2250000e+004, -6.4486309e+001,
  5.2500000e+004, -6.2281502e+001,
  5.2750000e+004, -6.0106091e+001,
  5.3000000e+004, -5.7801327e+001,
  5.3250000e+004, -5.5825817e+001,
  5.3500000e+004, -5.3920864e+001,
  5.3750000e+004, -5.2086460e+001,
  5.4000000e+004, -5.0263821e+001,
  5.4250000e+004, -4.8617561e+001,
  5.4500000e+004, -4.7018341e+001,
  5.4750000e+004, -4.5519070e+001,
  5.5000000e+004, -4.4060955e+001,
  5.5250000e+004, -4.2691032e+001,
  5.5500000e+004, -4.1374027e+001,
  5.5750000e+004, -4.0127575e+001,
  5.6000000e+004, -3.8951675e+001,
  5.6250000e+004, -3.7816933e+001,
  5.6500000e+004, -3.6746864e+001,
  5.6750000e+004, -3.5741470e+001,
  5.7000000e+004, -3.4777237e+001,
  5.7250000e+004, -3.3871796e+001,
  5.7500000e+004, -3.3013390e+001,
  5.7750000e+004, -3.2213776e+001,
  5.8000000e+004, -3.1449448e+001,
  5.8250000e+004, -3.0738029e+001,
  5.8500000e+004, -3.0073647e+001,
  5.8750000e+004, -2.9456299e+001,
  5.9000000e+004, -2.8880104e+001,
  5.9250000e+004, -2.8345070e+001,
  5.9500000e+004, -2.7857079e+001,
  5.9750000e+004, -2.7416115e+001,
  6.0000000e+004, -2.7010429e+001,
  6.0250000e+004, -2.6645897e+001,
  6.0500000e+004, -2.6328407e+001,
  6.0750000e+004, -2.6046188e+001,
  6.1000000e+004, -2.5805130e+001,
  6.1250000e+004, -2.5605232e+001,
  6.1500000e+004, -2.5446480e+001,
  6.1750000e+004, -2.5328896e+001,
  6.2000000e+004, -2.5246582e+001,
  6.2250000e+004, -2.5205421e+001,
  6.2500000e+004, -2.5205421e+001,
  6.2750000e+004, -2.5240700e+001,
  6.3000000e+004, -2.5323013e+001,
  6.3250000e+004, -2.5440605e+001,
  6.3500000e+004, -2.5599350e+001,
  6.3750000e+004, -2.5793373e+001,
  6.4000000e+004, -2.6034431e+001,
  6.4250000e+004, -2.6310768e+001,
  6.4500000e+004, -2.6628258e+001,
  6.4750000e+004, -2.6981033e+001,
  6.5000000e+004, -2.7386719e+001,
  6.5250000e+004, -2.7833557e+001,
  6.5500000e+004, -2.8315674e+001,
  6.5750000e+004, -2.8838951e+001,
  6.6000000e+004, -2.9415138e+001,
  6.6250000e+004, -3.0032486e+001,
  6.6500000e+004, -3.0696869e+001,
  6.6750000e+004, -3.1396530e+001,
  6.7000000e+004, -3.2160866e+001,
  6.7250000e+004, -3.2960472e+001,
  6.7500000e+004, -3.3807121e+001,
  6.7750000e+004, -3.4712563e+001,
  6.8000000e+004, -3.5665039e+001,
  6.8250000e+004, -3.6676315e+001,
  6.8500000e+004, -3.7740501e+001,
  6.8750000e+004, -3.8863483e+001,
  6.9000000e+004, -4.0021744e+001,
  6.9250000e+004, -4.1279957e+001,
  6.9500000e+004, -4.2573444e+001,
  6.9750000e+004, -4.3949245e+001,
  7.0000000e+004, -4.5389721e+001,
  7.0250000e+004, -4.6877232e+001,
  7.0500000e+004, -4.8482334e+001,
  7.0750000e+004, -5.0163868e+001,
  7.1000000e+004, -5.1857162e+001,
  7.1250000e+004, -5.3773876e+001,
  7.1500000e+004, -5.5584759e+001,
  7.1750000e+004, -5.7689617e+001,
  7.2000000e+004, -5.9847393e+001,
  7.2250000e+004, -6.1993404e+001,
  7.2500000e+004, -6.4321686e+001,
  7.2750000e+004, -6.6932178e+001,
  7.3000000e+004, -6.9436844e+001,
  7.3250000e+004, -7.2394228e+001,
  7.3500000e+004, -7.4845976e+001,
  7.3750000e+004, -7.7685770e+001,
  7.4000000e+004, -8.1472162e+001,
  7.4250000e+004, -8.2160063e+001,
  7.4500000e+004, -8.3477070e+001,
  7.4750000e+004, -8.5346748e+001,
  7.5000000e+004, -8.4129694e+001,
  7.5250000e+004, -8.3935671e+001,
  7.5500000e+004, -8.4065020e+001,
  7.5750000e+004, -8.0519686e+001,
  7.6000000e+004, -7.8702923e+001,
  7.6250000e+004, -7.6151222e+001,
  7.6500000e+004, -7.2917501e+001,
  7.6750000e+004, -7.0013035e+001,
  7.7000000e+004, -6.7643597e+001,
  7.7250000e+004, -6.5021343e+001,
  7.7500000e+004, -6.2763618e+001,
  7.7750000e+004, -6.0335388e+001,
  7.8000000e+004, -5.8324604e+001,
  7.8250000e+004, -5.6202106e+001,
  7.8500000e+004, -5.4244236e+001,
  7.8750000e+004, -5.2415714e+001,
  7.9000000e+004, -5.0645985e+001,
  7.9250000e+004, -4.8970329e+001,
  7.9500000e+004, -4.7359348e+001,
  7.9750000e+004, -4.5824802e+001,
  8.0000000e+004, -4.4372570e+001,
  8.0250000e+004, -4.2979130e+001,
  8.0500000e+004, -4.1662121e+001,
  8.0750000e+004, -4.0415668e+001,
  8.1000000e+004, -3.9222134e+001,
  8.1250000e+004, -3.8081512e+001,
  8.1500000e+004, -3.7005562e+001,
  8.1750000e+004, -3.5982536e+001,
  8.2000000e+004, -3.5024178e+001,
  8.2250000e+004, -3.4101097e+001,
  8.2500000e+004, -3.3230934e+001,
  8.2750000e+004, -3.2425438e+001,
  8.3000000e+004, -3.1649345e+001,
  8.3250000e+004, -3.0932053e+001,
  8.3500000e+004, -3.0261787e+001,
  8.3750000e+004, -2.9632683e+001,
  8.4000000e+004, -2.9050613e+001,
  8.4250000e+004, -2.8503822e+001,
  8.4500000e+004, -2.8004059e+001,
  8.4750000e+004, -2.7551338e+001,
  8.5000000e+004, -2.7133896e+001,
  8.5250000e+004, -2.6763489e+001,
  8.5500000e+004, -2.6434235e+001,
  8.5750000e+004, -2.6140266e+001,
  8.6000000e+004, -2.5887444e+001,
  8.6250000e+004, -2.5675781e+001,
  8.6500000e+004, -2.5505280e+001,
  8.6750000e+004, -2.5370049e+001,
  8.7000000e+004, -2.5275978e+001,
  8.7250000e+004, -2.5223061e+001,
  8.7500000e+004, -2.5205421e+001,
  8.7750000e+004, -2.5228943e+001,
  8.8000000e+004, -2.5293617e+001,
  8.8250000e+004, -2.5399445e+001,
  8.8500000e+004, -2.5540558e+001,
  8.8750000e+004, -2.5716942e+001,
  8.9000000e+004, -2.5940361e+001,
  8.9250000e+004, -2.6199059e+001,
  8.9500000e+004, -2.6504791e+001,
  8.9750000e+004, -2.6845802e+001,
  9.0000000e+004, -2.7227966e+001,
  9.0250000e+004, -2.7645416e+001,
  9.0500000e+004, -2.8109894e+001,
  9.0750000e+004, -2.8615532e+001,
  9.1000000e+004, -2.9174080e+001,
  9.1250000e+004, -2.9767906e+001,
  9.1500000e+004, -3.0402893e+001,
  9.1750000e+004, -3.1090797e+001,
  9.2000000e+004, -3.1819855e+001,
  9.2250000e+004, -3.2595947e+001,
  9.2500000e+004, -3.3419075e+001,
  9.2750000e+004, -3.4295120e+001,
  9.3000000e+004, -3.5224075e+001,
  9.3250000e+004, -3.6205956e+001,
  9.3500000e+004, -3.7234863e+001,
  9.3750000e+004, -3.8316689e+001,
  9.4000000e+004, -3.9474953e+001,
  9.4250000e+004, -4.0686127e+001,
  9.4500000e+004, -4.1944340e+001,
  9.4750000e+004, -4.3261345e+001,
  9.5000000e+004, -4.4672421e+001,
  9.5250000e+004, -4.6124657e+001,
  9.5500000e+004, -4.7665085e+001,
  9.5750000e+004, -4.9281944e+001,
  9.6000000e+004, -5.0957600e+001,
  9.6250000e+004, -5.2733208e+001,
  9.6500000e+004, -5.4608765e+001,
  9.6750000e+004, -5.6554874e+001,
  9.7000000e+004, -5.8624458e+001,
  9.7250000e+004, -6.0629364e+001,
  9.7500000e+004, -6.3128147e+001,
  9.7750000e+004, -6.5256523e+001,
  9.8000000e+004, -6.7914055e+001,
  9.8250000e+004, -7.0371681e+001,
  9.8500000e+004, -7.3193838e+001,
  9.8750000e+004, -7.6039513e+001,
  9.9000000e+004, -7.9114487e+001,
  9.9250000e+004, -8.1336935e+001,
  9.9500000e+004, -6.8937084e+001,
  9.9750000e+004, -4.8829224e+001,
