  0.0000000e+000, -3.7317177e+001,
  6.2500000e+001, -3.0155960e+001,
  1.2500000e+002, -2.7204453e+001,
  1.8750000e+002, -2.7104500e+001,
  2.5000000e+002, -2.7533707e+001,
  3.1250000e+002, -2.7980545e+001,
  3.7500000e+002, -2.8474419e+001,
  4.3750000e+002, -2.9021217e+001,
  5.0000000e+002, -2.9609161e+001,
  5.6250000e+002, -3.0244148e+001,
  6.2500000e+002, -3.0920288e+001,
  6.8750000e+002, -3.1637589e+001,
  7.5000000e+002, -3.2413681e+001,
  8.1250000e+002, -3.3236809e+001,
  8.7500000e+002, -3.4112854e+001,
  9.3750000e+002, -3.5024178e+001,
  1.0000000e+003, -3.5988411e+001,
  1.0625000e+003, -3.7034966e+001,
  1.1250000e+003, -3.8110909e+001,
  1.1875000e+003, -3.9245651e+001,
  1.2500000e+003, -4.0450947e+001,
  1.3125000e+003, -4.1703278e+001,
  1.3750000e+003, -4.3061443e+001,
  1.4375000e+003, -4.4437244e+001,
  1.5000000e+003, -4.5895355e+001,
  1.5625000e+003, -4.7453423e+001,
  1.6250000e+003, -4.9046764e+001,
  1.6875000e+003, -5.0745937e+001,
  1.7500000e+003, -5.2545063e+001,
  1.8125000e+003, -5.4408859e+001,
  1.8750000e+003, -5.6366734e+001,
  1.9375000e+003, -5.8436314e+001,
  2.0000000e+003, -6.0558811e+001,
  2.0625000e+003, -6.2969402e+001,
  2.1250000e+003, -6.5197727e+001,
  2.1875000e+003, -6.7914055e+001,
  2.2500000e+003, -7.0389320e+001,
  2.3125000e+003, -7.3376102e+001,
  2.3750000e+003, -7.6139463e+001,
  2.4375000e+003, -7.9326149e+001,
  2.5000000e+003, -8.1577993e+001,
  2.5625000e+003, -8.3894514e+001,
  2.6250000e+003, -8.4012104e+001,
  2.6875000e+003, -8.6869536e+001,
  2.7500000e+003, -8.3506468e+001,
  2.8125000e+003, -8.6252190e+001,
  2.8750000e+003, -8.2165943e+001,
  2.9375000e+003, -7.9984652e+001,
  3.0000000e+003, -7.8314877e+001,
  3.0625000e+003, -7.4493206e+001,
  3.1250000e+003, -7.1624014e+001,
  3.1875000e+003, -6.9231060e+001,
  3.2500000e+003, -6.6567650e+001,
  3.3125000e+003, -6.3863083e+001,
  3.3750000e+003, -6.1687672e+001,
  3.4375000e+003, -5.9541656e+001,
  3.5000000e+003, -5.7289814e+001,
  3.5625000e+003, -5.5296665e+001,
  3.6250000e+003, -5.3421108e+001,
  3.6875000e+003, -5.1604343e+001,
  3.7500000e+003, -4.9846375e+001,
  3.8125000e+003, -4.8182480e+001,
  3.8750000e+003, -4.6618534e+001,
  3.9375000e+003, -4.5125145e+001,
  4.0000000e+003, -4.3690548e+001,
  4.0625000e+003, -4.2332386e+001,
  4.1250000e+003, -4.1044777e+001,
  4.1875000e+003, -3.9821842e+001,
  4.2500000e+003, -3.8634186e+001,
  4.3125000e+003, -3.7517082e+001,
  4.3750000e+003, -3.6476410e+001,
  4.4375000e+003, -3.5476898e+001,
  4.5000000e+003, -3.4530296e+001,
  4.5625000e+003, -3.3630737e+001,
  4.6250000e+003, -3.2789970e+001,
  4.6875000e+003, -3.1996239e+001,
  4.7500000e+003, -3.1249542e+001,
  4.8125000e+003, -3.0555763e+001,
  4.8750000e+003, -2.9897263e+001,
  4.9375000e+003, -2.9285789e+001,
  5.0000000e+003, -2.8721359e+001,
  5.0625000e+003, -2.8203964e+001,
  5.1250000e+003, -2.7727730e+001,
  5.1875000e+003, -2.7298523e+001,
  5.2500000e+003, -2.6904594e+001,
  5.3125000e+003, -2.6551826e+001,
  5.3750000e+003, -2.6240211e+001,
  5.4375000e+003, -2.5969757e+001,
  5.5000000e+003, -2.5740456e+001,
  5.5625000e+003, -2.5552315e+001,
  5.6250000e+003, -2.5405327e+001,
  5.6875000e+003, -2.5299500e+001,
  5.7500000e+003, -2.5228943e+001,
  5.8125000e+003, -2.5199547e+001,
  5.8750000e+003, -2.5205421e+001,
  5.9375000e+003, -2.5258339e+001,
  6.0000000e+003, -2.5346535e+001,
  6.0625000e+003, -2.5475883e+001,
  6.1250000e+003, -2.5646385e+001,
  6.1875000e+003, -2.5858047e+001,
  6.2500000e+003, -2.6104988e+001,
  6.3125000e+003, -2.6398964e+001,
  6.3750000e+003, -2.6728210e+001,
  6.4375000e+003, -2.7098618e+001,
  6.5000000e+003, -2.7516068e+001,
  6.5625000e+003, -2.7974663e+001,
  6.6250000e+003, -2.8474419e+001,
  6.6875000e+003, -2.9021217e+001,
  6.7500000e+003, -2.9603287e+001,
  6.8125000e+003, -3.0232391e+001,
  6.8750000e+003, -3.0908531e+001,
  6.9375000e+003, -3.1637589e+001,
  7.0000000e+003, -3.2413681e+001,
  7.0625000e+003, -3.3225052e+001,
  7.1250000e+003, -3.4089340e+001,
  7.1875000e+003, -3.5018295e+001,
  7.2500000e+003, -3.5994293e+001,
  7.3125000e+003, -3.7005562e+001,
  7.3750000e+003, -3.8099152e+001,
  7.4375000e+003, -3.9245651e+001,
  7.5000000e+003, -4.0433308e+001,
  7.5625000e+003, -4.1715038e+001,
  7.6250000e+003, -4.3026165e+001,
  7.6875000e+003, -4.4443123e+001,
  7.7500000e+003, -4.5889477e+001,
  7.8125000e+003, -4.7441662e+001,
  7.8750000e+003, -4.9052643e+001,
  7.9375000e+003, -5.0728298e+001,
  8.0000000e+003, -5.2509785e+001,
  8.0625000e+003, -5.4426498e+001,
  8.1250000e+003, -5.6343212e+001,
  8.1875000e+003, -5.8424553e+001,
  8.2500000e+003, -6.0605846e+001,
  8.3125000e+003, -6.2822414e+001,
  8.3750000e+003, -6.5350597e+001,
  8.4375000e+003, -6.7767067e+001,
  8.5000000e+003, -7.0583344e+001,
  8.5625000e+003, -7.3258512e+001,
  8.6250000e+003, -7.6210018e+001,
  8.6875000e+003, -7.9038054e+001,
  8.7500000e+003, -8.1630909e+001,
  8.8125000e+003, -8.3594660e+001,
  8.8750000e+003, -8.6040527e+001,
  8.9375000e+003, -8.4370752e+001,
  9.0000000e+003, -8.5646603e+001,
  9.0625000e+003, -8.4170849e+001,
  9.1250000e+003, -8.2677460e+001,
  9.1875000e+003, -8.0848936e+001,
  9.2500000e+003, -7.7138977e+001,
  9.3125000e+003, -7.4934168e+001,
  9.3750000e+003, -7.1923868e+001,
  9.4375000e+003, -6.8937084e+001,
  9.5000000e+003, -6.6508854e+001,
  9.5625000e+003, -6.4039471e+001,
  9.6250000e+003, -6.1675915e+001,
  9.6875000e+003, -5.9441708e+001,
  9.7500000e+003, -5.7342728e+001,
  9.8125000e+003, -5.5337822e+001,
  9.8750000e+003, -5.3403469e+001,
  9.9375000e+003, -5.1592583e+001,
  1.0000000e+004, -4.9852253e+001,
  1.0062500e+004, -4.8194237e+001,
  1.0125000e+004, -4.6624413e+001,
  1.0187500e+004, -4.5131023e+001,
  1.0250000e+004, -4.3690548e+001,
  1.0312500e+004, -4.2326504e+001,
  1.0375000e+004, -4.1038895e+001,
  1.0437500e+004, -3.9815964e+001,
  1.0500000e+004, -3.8645943e+001,
  1.0562500e+004, -3.7528839e+001,
  1.0625000e+004, -3.6476410e+001,
  1.0687500e+004, -3.5476898e+001,
  1.0750000e+004, -3.4530296e+001,
  1.0812500e+004, -3.3642494e+001,
  1.0875000e+004, -3.2795845e+001,
  1.0937500e+004, -3.2002113e+001,
  1.1000000e+004, -3.1249542e+001,
  1.1062500e+004, -3.0555763e+001,
  1.1125000e+004, -2.9897263e+001,
  1.1187500e+004, -2.9291672e+001,
  1.1250000e+004, -2.8727242e+001,
  1.1312500e+004, -2.8209846e+001,
  1.1375000e+004, -2.7733604e+001,
  1.1437500e+004, -2.7292641e+001,
  1.1500000e+004, -2.6904594e+001,
  1.1562500e+004, -2.6551826e+001,
  1.1625000e+004, -2.6240211e+001,
  1.1687500e+004, -2.5975639e+001,
  1.1750000e+004, -2.5746338e+001,
  1.1812500e+004, -2.5552315e+001,
  1.1875000e+004, -2.5405327e+001,
  1.1937500e+004, -2.5293617e+001,
  1.2000000e+004, -2.5228943e+001,
  1.2062500e+004, -2.5199547e+001,
  1.2125000e+004, -2.5211304e+001,
  1.2187500e+004, -2.5264221e+001,
  1.2250000e+004, -2.5352409e+001,
  1.2312500e+004, -2.5552315e+001,
  1.2375000e+004, -2.6669418e+001,
  1.2437500e+004, -3.1073158e+001,
  1.2500000e+004, -4.8517609e+001,
  1.2562500e+004, -3.1067276e+001,
  1.2625000e+004, -2.6663536e+001,
  1.2687500e+004, -2.5552315e+001,
  1.2750000e+004, -2.5346535e+001,
  1.2812500e+004, -2.5258339e+001,
  1.2875000e+004, -2.5211304e+001,
  1.2937500e+004, -2.5199547e+001,
  1.3000000e+004, -2.5228943e+001,
  1.3062500e+004, -2.5299500e+001,
  1.3125000e+004, -2.5405327e+001,
  1.3187500e+004, -2.5552315e+001,
  1.3250000e+004, -2.5746338e+001,
  1.3312500e+004, -2.5975639e+001,
  1.3375000e+004, -2.6240211e+001,
  1.3437500e+004, -2.6551826e+001,
  1.3500000e+004, -2.6904594e+001,
  1.3562500e+004, -2.7298523e+001,
  1.3625000e+004, -2.7727730e+001,
  1.3687500e+004, -2.8203964e+001,
  1.3750000e+004, -2.8727242e+001,
  1.3812500e+004, -2.9291672e+001,
  1.3875000e+004, -2.9897263e+001,
  1.3937500e+004, -3.0555763e+001,
  1.4000000e+004, -3.1249542e+001,
  1.4062500e+004, -3.1996239e+001,
  1.4125000e+004, -3.2795845e+001,
  1.4187500e+004, -3.3636612e+001,
  1.4250000e+004, -3.4530296e+001,
  1.4312500e+004, -3.5476898e+001,
  1.4375000e+004, -3.6476410e+001,
  1.4437500e+004, -3.7528839e+001,
  1.4500000e+004, -3.8645943e+001,
  1.4562500e+004, -3.9815964e+001,
  1.4625000e+004, -4.1044777e+001,
  1.4687500e+004, -4.2332386e+001,
  1.4750000e+004, -4.3696426e+001,
  1.4812500e+004, -4.5119263e+001,
  1.4875000e+004, -4.6612656e+001,
  1.4937500e+004, -4.8200119e+001,
  1.5000000e+004, -4.9864014e+001,
  1.5062500e+004, -5.1574947e+001,
  1.5125000e+004, -5.3426987e+001,
  1.5187500e+004, -5.5314304e+001,
  1.5250000e+004, -5.7342728e+001,
  1.5312500e+004, -5.9435825e+001,
  1.5375000e+004, -6.1670033e+001,
  1.5437500e+004, -6.4004192e+001,
  1.5500000e+004, -6.6485336e+001,
  1.5562500e+004, -6.9095833e+001,
  1.5625000e+004, -7.1929747e+001,
  1.5687500e+004, -7.4369736e+001,
  1.5750000e+004, -7.7826878e+001,
  1.5812500e+004, -8.0419733e+001,
  1.5875000e+004, -8.2789169e+001,
  1.5937500e+004, -8.4153212e+001,
  1.6000000e+004, -8.5652481e+001,
  1.6062500e+004, -8.4899906e+001,
  1.6125000e+004, -8.4229645e+001,
  1.6187500e+004, -8.5182123e+001,
  1.6250000e+004, -8.1137032e+001,
  1.6312500e+004, -7.9202679e+001,
  1.6375000e+004, -7.6098307e+001,
  1.6437500e+004, -7.3423138e+001,
  1.6500000e+004, -7.0559826e+001,
  1.6562500e+004, -6.7696514e+001,
  1.6625000e+004, -6.5256523e+001,
  1.6687500e+004, -6.2887089e+001,
  1.6750000e+004, -6.0629364e+001,
  1.6812500e+004, -5.8424553e+001,
  1.6875000e+004, -5.6313816e+001,
  1.6937500e+004, -5.4414742e+001,
  1.7000000e+004, -5.2509785e+001,
  1.7062500e+004, -5.0763577e+001,
  1.7125000e+004, -4.9035004e+001,
  1.7187500e+004, -4.7435783e+001,
  1.7250000e+004, -4.5889477e+001,
  1.7312500e+004, -4.4413723e+001,
  1.7375000e+004, -4.3032043e+001,
  1.7437500e+004, -4.1720917e+001,
  1.7500000e+004, -4.0439190e+001,
  1.7562500e+004, -3.9239773e+001,
  1.7625000e+004, -3.8105026e+001,
  1.7687500e+004, -3.7005562e+001,
  1.7750000e+004, -3.5982536e+001,
  1.7812500e+004, -3.5018295e+001,
  1.7875000e+004, -3.4095215e+001,
  1.7937500e+004, -3.3225052e+001,
  1.8000000e+004, -3.2407799e+001,
  1.8062500e+004, -3.1631706e+001,
  1.8125000e+004, -3.0908531e+001,
  1.8187500e+004, -3.0232391e+001,
  1.8250000e+004, -2.9603287e+001,
  1.8312500e+004, -2.9015335e+001,
  1.8375000e+004, -2.8468544e+001,
  1.8437500e+004, -2.7968788e+001,
  1.8500000e+004, -2.7516068e+001,
  1.8562500e+004, -2.7098618e+001,
  1.8625000e+004, -2.6728210e+001,
  1.8687500e+004, -2.6398964e+001,
  1.8750000e+004, -2.6110863e+001,
  1.8812500e+004, -2.5858047e+001,
  1.8875000e+004, -2.5646385e+001,
  1.8937500e+004, -2.5475883e+001,
  1.9000000e+004, -2.5346535e+001,
  1.9062500e+004, -2.5258339e+001,
  1.9125000e+004, -2.5211304e+001,
  1.9187500e+004, -2.5199547e+001,
  1.9250000e+004, -2.5228943e+001,
  1.9312500e+004, -2.5299500e+001,
  1.9375000e+004, -2.5405327e+001,
  1.9437500e+004, -2.5558197e+001,
  1.9500000e+004, -2.5746338e+001,
  1.9562500e+004, -2.5975639e+001,
  1.9625000e+004, -2.6246094e+001,
  1.9687500e+004, -2.6557709e+001,
  1.9750000e+004, -2.6904594e+001,
  1.9812500e+004, -2.7298523e+001,
  1.9875000e+004, -2.7733604e+001,
  1.9937500e+004, -2.8203964e+001,
  2.0000000e+004, -2.8727242e+001,
  2.0062500e+004, -2.9291672e+001,
  2.0125000e+004, -2.9903137e+001,
  2.0187500e+004, -3.0555763e+001,
  2.0250000e+004, -3.1255424e+001,
  2.0312500e+004, -3.2002113e+001,
  2.0375000e+004, -3.2795845e+001,
  2.0437500e+004, -3.3636612e+001,
  2.0500000e+004, -3.4530296e+001,
  2.0562500e+004, -3.5482773e+001,
  2.0625000e+004, -3.6476410e+001,
  2.0687500e+004, -3.7522957e+001,
  2.0750000e+004, -3.8645943e+001,
  2.0812500e+004, -3.9815964e+001,
  2.0875000e+004, -4.1050655e+001,
  2.0937500e+004, -4.2332386e+001,
  2.1000000e+004, -4.3690548e+001,
  2.1062500e+004, -4.5131023e+001,
  2.1125000e+004, -4.6630295e+001,
  2.1187500e+004, -4.8200119e+001,
  2.1250000e+004, -4.9846375e+001,
  2.1312500e+004, -5.1592583e+001,
  2.1375000e+004, -5.3426987e+001,
  2.1437500e+004, -5.5326061e+001,
  2.1500000e+004, -5.7330967e+001,
  2.1562500e+004, -5.9488743e+001,
  2.1625000e+004, -6.1670033e+001,
  2.1687500e+004, -6.3939518e+001,
  2.1750000e+004, -6.6608807e+001,
  2.1812500e+004, -6.9060555e+001,
  2.1875000e+004, -7.1706327e+001,
  2.1937500e+004, -7.4698988e+001,
  2.2000000e+004, -7.7932709e+001,
  2.2062500e+004, -7.9967012e+001,
  2.2125000e+004, -8.2895000e+001,
  2.2187500e+004, -8.4988100e+001,
  2.2250000e+004, -8.4423668e+001,
  2.2312500e+004, -8.6028769e+001,
  2.2375000e+004, -8.4617691e+001,
  2.2437500e+004, -8.3382998e+001,
  2.2500000e+004, -8.2271774e+001,
  2.2562500e+004, -7.8943981e+001,
  2.2625000e+004, -7.6221777e+001,
  2.2687500e+004, -7.3299669e+001,
  2.2750000e+004, -7.0495152e+001,
  2.2812500e+004, -6.7831741e+001,
  2.2875000e+004, -6.5285923e+001,
  2.2937500e+004, -6.2869450e+001,
  2.3000000e+004, -6.0599968e+001,
  2.3062500e+004, -5.8453953e+001,
  2.3125000e+004, -5.6360851e+001,
  2.3187500e+004, -5.4408859e+001,
  2.3250000e+004, -5.2503906e+001,
  2.3312500e+004, -5.0775333e+001,
  2.3375000e+004, -4.9058525e+001,
  2.3437500e+004, -4.7441662e+001,
  2.3500000e+004, -4.5889477e+001,
  2.3562500e+004, -4.4443123e+001,
  2.3625000e+004, -4.3037922e+001,
  2.3687500e+004, -4.1720917e+001,
  2.3750000e+004, -4.0450947e+001,
  2.3812500e+004, -3.9245651e+001,
  2.3875000e+004, -3.8105026e+001,
  2.3937500e+004, -3.7023201e+001,
  2.4000000e+004, -3.5994293e+001,
  2.4062500e+004, -3.5024178e+001,
  2.4125000e+004, -3.4106972e+001,
  2.4187500e+004, -3.3230934e+001,
  2.4250000e+004, -3.2419563e+001,
  2.4312500e+004, -3.1643471e+001,
  2.4375000e+004, -3.0920288e+001,
  2.4437500e+004, -3.0244148e+001,
  2.4500000e+004, -2.9615044e+001,
  2.4562500e+004, -2.9021217e+001,
  2.4625000e+004, -2.8480301e+001,
  2.4687500e+004, -2.7980545e+001,
  2.4750000e+004, -2.7527824e+001,
  2.4812500e+004, -2.7110382e+001,
  2.4875000e+004, -2.6757607e+001,
  2.4937500e+004, -2.6869324e+001,
