  1.3125000e+003, -6.1011532e+001,
  1.3203125e+003, -6.1040928e+001,
  1.3281250e+003, -6.1223194e+001,
  1.3359375e+003, -6.0652882e+001,
  1.3437500e+003, -6.0758713e+001,
  1.3515625e+003, -6.0705795e+001,
  1.3593750e+003, -6.0705795e+001,
  1.3671875e+003, -6.0970375e+001,
  1.3750000e+003, -6.0929218e+001,
  1.3828125e+003, -6.0958614e+001,
  1.3906250e+003, -6.1070324e+001,
  1.3984375e+003, -6.0776352e+001,
  1.4062500e+003, -6.0594086e+001,
  1.4140625e+003, -6.0194283e+001,
  1.4218750e+003, -6.0588207e+001,
  1.4296875e+003, -6.0758713e+001,
  1.4375000e+003, -6.0911579e+001,
  1.4453125e+003, -6.0905701e+001,
  1.4531250e+003, -6.0823387e+001,
  1.4609375e+003, -6.1017410e+001,
  1.4687500e+003, -6.0888062e+001,
  1.4765625e+003, -6.1193794e+001,
  1.4843750e+003, -6.1058567e+001,
  1.4921875e+003, -6.0993893e+001,
  1.5000000e+003, -6.0605846e+001,
  1.5078125e+003, -6.0676399e+001,
  1.5156250e+003, -6.0752834e+001,
  1.5234375e+003, -6.0976254e+001,
  1.5312500e+003, -6.1111481e+001,
  1.5390625e+003, -6.0723434e+001,
  1.5468750e+003, -6.0952736e+001,
  1.5546875e+003, -6.0876301e+001,
  1.5625000e+003, -6.0752834e+001,
  1.5703125e+003, -6.1176155e+001,
  1.5781250e+003, -6.1193794e+001,
  1.5859375e+003, -6.0717556e+001,
  1.5937500e+003, -6.0799870e+001,
  1.6015625e+003, -6.0864544e+001,
  1.6093750e+003, -6.0929218e+001,
  1.6171875e+003, -6.1305504e+001,
  1.6250000e+003, -6.0558811e+001,
  1.6328125e+003, -6.1140881e+001,
  1.6406250e+003, -6.0782230e+001,
  1.6484375e+003, -6.0870422e+001,
  1.6562500e+003, -6.0629364e+001,
  1.6640625e+003, -6.0417702e+001,
  1.6718750e+003, -6.0888062e+001,
  1.6796875e+003, -6.0764591e+001,
  1.6875000e+003, -6.0535294e+001,
  1.6953125e+003, -6.0764591e+001,
  1.7031250e+003, -6.1035049e+001,
  1.7109375e+003, -6.0617603e+001,
  1.7187500e+003, -6.0664642e+001,
  1.7265625e+003, -6.1176155e+001,
  1.7343750e+003, -6.0276592e+001,
  1.7421875e+003, -6.0500015e+001,
  1.7500000e+003, -6.0741074e+001,
  1.7578125e+003, -6.0647003e+001,
  1.7656250e+003, -6.0982132e+001,
  1.7734375e+003, -6.0623486e+001,
  1.7812500e+003, -6.0664642e+001,
  1.7890625e+003, -6.0852783e+001,
  1.7968750e+003, -6.0429462e+001,
  1.8046875e+003, -6.0805748e+001,
  1.8125000e+003, -6.0582329e+001,
  1.8203125e+003, -6.1417217e+001,
  1.8281250e+003, -6.0770470e+001,
  1.8359375e+003, -6.0888062e+001,
  1.8437500e+003, -6.0470619e+001,
  1.8515625e+003, -6.0793991e+001,
  1.8593750e+003, -6.0488255e+001,
  1.8671875e+003, -6.1099724e+001,
  1.8750000e+003, -6.1029171e+001,
  1.8828125e+003, -6.0576447e+001,
  1.8906250e+003, -6.1393696e+001,
  1.8984375e+003, -6.0858665e+001,
  1.9062500e+003, -6.0500015e+001,
  1.9140625e+003, -6.0899818e+001,
  1.9218750e+003, -6.1117363e+001,
  1.9296875e+003, -6.1087963e+001,
  1.9375000e+003, -6.1035049e+001,
  1.9453125e+003, -6.0788109e+001,
  1.9531250e+003, -6.0558811e+001,
  1.9609375e+003, -6.0940975e+001,
  1.9687500e+003, -6.0441219e+001,
  1.9765625e+003, -6.0629364e+001,
  1.9843750e+003, -6.0676399e+001,
  1.9921875e+003, -6.0529411e+001,
  2.0000000e+003, -6.0940975e+001,
  2.0078125e+003, -6.0617603e+001,
  2.0156250e+003, -6.1170277e+001,
  2.0234375e+003, -6.0652882e+001,
  2.0312500e+003, -6.0864544e+001,
  2.0390625e+003, -6.0823387e+001,
  2.0468750e+003, -6.0776352e+001,
  2.0546875e+003, -6.0500015e+001,
  2.0625000e+003, -6.0623486e+001,
  2.0703125e+003, -6.1046806e+001,
  2.0781250e+003, -6.0288353e+001,
  2.0859375e+003, -6.0629364e+001,
  2.0937500e+003, -6.0652882e+001,
  2.1015625e+003, -6.1187916e+001,
  2.1093750e+003, -6.0741074e+001,
  2.1171875e+003, -6.0793991e+001,
  2.1250000e+003, -6.1240829e+001,
  2.1328125e+003, -6.0658760e+001,
  2.1406250e+003, -6.0746952e+001,
  2.1484375e+003, -6.0888062e+001,
  2.1562500e+003, -6.0611725e+001,
  2.1640625e+003, -6.1364300e+001,
  2.1718750e+003, -6.0629364e+001,
  2.1796875e+003, -6.0682278e+001,
  2.1875000e+003, -6.0752834e+001,
  2.1953125e+003, -6.0993893e+001,
  2.2031250e+003, -6.0958614e+001,
  2.2109375e+003, -6.0905701e+001,
  2.2187500e+003, -6.0817509e+001,
  2.2265625e+003, -6.1129120e+001,
  2.2343750e+003, -6.0788109e+001,
  2.2421875e+003, -6.0664642e+001,
  2.2500000e+003, -6.0940975e+001,
  2.2578125e+003, -6.0694038e+001,
  2.2656250e+003, -6.1164398e+001,
  2.2734375e+003, -6.0876301e+001,
  2.2812500e+003, -6.0541172e+001,
  2.2890625e+003, -6.0094330e+001,
  2.2968750e+003, -6.0764591e+001,
  2.3046875e+003, -6.0811626e+001,
  2.3125000e+003, -6.0823387e+001,
  2.3203125e+003, -6.1017410e+001,
  2.3281250e+003, -6.0905701e+001,
  2.3359375e+003, -6.0476498e+001,
  2.3437500e+003, -6.0741074e+001,
  2.3515625e+003, -6.0799870e+001,
  2.3593750e+003, -6.0417702e+001,
  2.3671875e+003, -6.1217312e+001,
  2.3750000e+003, -6.0582329e+001,
  2.3828125e+003, -6.0447098e+001,
  2.3906250e+003, -6.1029171e+001,
  2.3984375e+003, -6.0876301e+001,
  2.4062500e+003, -6.0676399e+001,
  2.4140625e+003, -6.1146759e+001,
  2.4218750e+003, -6.0735195e+001,
  2.4296875e+003, -6.0811626e+001,
  2.4375000e+003, -6.0735195e+001,
  2.4453125e+003, -6.0517654e+001,
  2.4531250e+003, -6.0752834e+001,
  2.4609375e+003, -6.0729317e+001,
  2.4687500e+003, -6.0623486e+001,
  2.4765625e+003, -6.0599968e+001,
  2.4843750e+003, -6.0388306e+001,
  2.4921875e+003, -6.0929218e+001,
  2.5000000e+003, -6.1311386e+001,
  2.5078125e+003, -6.0588207e+001,
  2.5156250e+003, -6.0970375e+001,
  2.5234375e+003, -6.1111481e+001,
  2.5312500e+003, -6.0717556e+001,
  2.5390625e+003, -6.0817509e+001,
  2.5468750e+003, -6.0735195e+001,
  2.5546875e+003, -6.1234951e+001,
  2.5625000e+003, -6.1017410e+001,
  2.5703125e+003, -6.0958614e+001,
  2.5781250e+003, -6.1358421e+001,
  2.5859375e+003, -6.0846905e+001,
  2.5937500e+003, -6.0529411e+001,
  2.6015625e+003, -6.0893940e+001,
  2.6093750e+003, -6.0770470e+001,
  2.6171875e+003, -6.0611725e+001,
  2.6250000e+003, -6.0588207e+001,
  2.6328125e+003, -6.0394184e+001,
  2.6406250e+003, -6.0811626e+001,
  2.6484375e+003, -6.0858665e+001,
  2.6562500e+003, -6.1182037e+001,
  2.6640625e+003, -6.1023289e+001,
  2.6718750e+003, -6.0611725e+001,
  2.6796875e+003, -6.1017410e+001,
  2.6875000e+003, -6.0111969e+001,
  2.6953125e+003, -6.0782230e+001,
  2.7031250e+003, -6.0970375e+001,
  2.7109375e+003, -6.0829266e+001,
  2.7187500e+003, -6.0964493e+001,
  2.7265625e+003, -6.0641121e+001,
  2.7343750e+003, -6.0970375e+001,
  2.7421875e+003, -6.0776352e+001,
  2.7500000e+003, -6.0688160e+001,
  2.7578125e+003, -6.0758713e+001,
  2.7656250e+003, -6.1029171e+001,
  2.7734375e+003, -6.1029171e+001,
  2.7812500e+003, -6.0893940e+001,
  2.7890625e+003, -6.0670521e+001,
  2.7968750e+003, -6.0623486e+001,
  2.8046875e+003, -6.0458858e+001,
  2.8125000e+003, -6.0617603e+001,
  2.8203125e+003, -6.0958614e+001,
  2.8281250e+003, -6.0194283e+001,
  2.8359375e+003, -3.6094246e+001,
  2.8437500e+003, -6.0223679e+001,
  2.8515625e+003, -6.0535294e+001,
  2.8593750e+003, -6.0547050e+001,
  2.8671875e+003, -6.0605846e+001,
  2.8750000e+003, -6.0758713e+001,
  2.8828125e+003, -6.0858665e+001,
  2.8906250e+003, -6.0811626e+001,
  2.8984375e+003, -6.0793991e+001,
  2.9062500e+003, -6.0976254e+001,
  2.9140625e+003, -6.1164398e+001,
  2.9218750e+003, -6.0940975e+001,
  2.9296875e+003, -6.0999771e+001,
  2.9375000e+003, -6.1129120e+001,
  2.9453125e+003, -6.1399578e+001,
  2.9531250e+003, -6.0817509e+001,
  2.9609375e+003, -6.1058567e+001,
  2.9687500e+003, -6.0805748e+001,
  2.9765625e+003, -6.1152637e+001,
  2.9843750e+003, -6.1099724e+001,
  2.9921875e+003, -6.0770470e+001,
  3.0000000e+003, -6.0511772e+001,
  3.0078125e+003, -6.0576447e+001,
  3.0156250e+003, -6.0846905e+001,
  3.0234375e+003, -6.0952736e+001,
  3.0312500e+003, -6.0505894e+001,
  3.0390625e+003, -6.0717556e+001,
  3.0468750e+003, -6.1058567e+001,
  3.0546875e+003, -6.0729317e+001,
  3.0625000e+003, -6.0940975e+001,
  3.0703125e+003, -6.0494137e+001,
  3.0781250e+003, -6.0599968e+001,
  3.0859375e+003, -6.0723434e+001,
  3.0937500e+003, -6.0952736e+001,
  3.1015625e+003, -6.0523533e+001,
  3.1093750e+003, -6.0841026e+001,
  3.1171875e+003, -6.0864544e+001,
  3.1250000e+003, -6.1199673e+001,
  3.1328125e+003, -6.0846905e+001,
  3.1406250e+003, -6.0264835e+001,
  3.1484375e+003, -6.0746952e+001,
  3.1562500e+003, -6.0882183e+001,
  3.1640625e+003, -6.0599968e+001,
  3.1718750e+003, -6.0623486e+001,
  3.1796875e+003, -6.0588207e+001,
  3.1875000e+003, -6.0793991e+001,
  3.1953125e+003, -6.0993893e+001,
  3.2031250e+003, -6.0776352e+001,
  3.2109375e+003, -6.0735195e+001,
  3.2187500e+003, -6.0858665e+001,
  3.2265625e+003, -6.0788109e+001,
  3.2343750e+003, -6.0447098e+001,
  3.2421875e+003, -6.0605846e+001,
  3.2500000e+003, -6.0570568e+001,
  3.2578125e+003, -6.0582329e+001,
  3.2656250e+003, -6.0435341e+001,
  3.2734375e+003, -6.1017410e+001,
  3.2812500e+003, -6.0670521e+001,
  3.2890625e+003, -6.0846905e+001,
  3.2968750e+003, -6.0846905e+001,
  3.3046875e+003, -6.1158520e+001,
  3.3125000e+003, -6.0764591e+001,
  3.3203125e+003, -6.0294231e+001,
  3.3281250e+003, -6.0911579e+001,
  3.3359375e+003, -6.1111481e+001,
  3.3437500e+003, -6.1334904e+001,
  3.3515625e+003, -6.0570568e+001,
  3.3593750e+003, -6.0888062e+001,
  3.3671875e+003, -6.1352543e+001,
  3.3750000e+003, -6.0805748e+001,
  3.3828125e+003, -6.0717556e+001,
  3.3906250e+003, -6.0582329e+001,
  3.3984375e+003, -6.0982132e+001,
  3.4062500e+003, -6.0929218e+001,
  3.4140625e+003, -6.0370667e+001,
  3.4218750e+003, -6.0876301e+001,
  3.4296875e+003, -6.1252590e+001,
  3.4375000e+003, -6.1070324e+001,
  3.4453125e+003, -6.0923340e+001,
  3.4531250e+003, -6.0323631e+001,
  3.4609375e+003, -6.0899818e+001,
  3.4687500e+003, -6.0805748e+001,
  3.4765625e+003, -6.0776352e+001,
  3.4843750e+003, -6.0670521e+001,
  3.4921875e+003, -6.0652882e+001,
  3.5000000e+003, -6.0923340e+001,
  3.5078125e+003, -6.0670521e+001,
  3.5156250e+003, -6.0770470e+001,
  3.5234375e+003, -6.0482376e+001,
  3.5312500e+003, -6.0935097e+001,
  3.5390625e+003, -6.0717556e+001,
  3.5468750e+003, -6.0159004e+001,
  3.5546875e+003, -6.0582329e+001,
  3.5625000e+003, -6.1052689e+001,
  3.5703125e+003, -6.0846905e+001,
  3.5781250e+003, -6.0735195e+001,
  3.5859375e+003, -6.0576447e+001,
  3.5937500e+003, -6.0858665e+001,
  3.6015625e+003, -6.0576447e+001,
  3.6093750e+003, -6.0758713e+001,
  3.6171875e+003, -6.1040928e+001,
  3.6250000e+003, -6.0952736e+001,
  3.6328125e+003, -6.0940975e+001,
  3.6406250e+003, -6.0858665e+001,
  3.6484375e+003, -6.1281986e+001,
  3.6562500e+003, -6.0447098e+001,
  3.6640625e+003, -6.0870422e+001,
  3.6718750e+003, -6.0735195e+001,
  3.6796875e+003, -6.1311386e+001,
  3.6875000e+003, -6.1370178e+001,
  3.6953125e+003, -6.1182037e+001,
  3.7031250e+003, -6.0770470e+001,
  3.7109375e+003, -6.0964493e+001,
  3.7187500e+003, -6.0635242e+001,
  3.7265625e+003, -6.0758713e+001,
  3.7343750e+003, -6.0988014e+001,
  3.7421875e+003, -6.1352543e+001,
  3.7500000e+003, -6.0741074e+001,
  3.7578125e+003, -6.0705795e+001,
  3.7656250e+003, -6.0635242e+001,
  3.7734375e+003, -6.0694038e+001,
  3.7812500e+003, -6.0082569e+001,
  3.7890625e+003, -6.0846905e+001,
  3.7968750e+003, -6.0358906e+001,
  3.8046875e+003, -6.0605846e+001,
  3.8125000e+003, -6.0505894e+001,
  3.8203125e+003, -6.0735195e+001,
  3.8281250e+003, -6.0899818e+001,
  3.8359375e+003, -6.0723434e+001,
  3.8437500e+003, -6.1246712e+001,
  3.8515625e+003, -6.0899818e+001,
  3.8593750e+003, -6.0911579e+001,
  3.8671875e+003, -6.0858665e+001,
  3.8750000e+003, -6.0588207e+001,
  3.8828125e+003, -6.0970375e+001,
  3.8906250e+003, -6.1023289e+001,
  3.8984375e+003, -6.0952736e+001,
  3.9062500e+003, -6.0888062e+001,
  3.9140625e+003, -6.0617603e+001,
  3.9218750e+003, -6.0846905e+001,
  3.9296875e+003, -6.0829266e+001,
  3.9375000e+003, -6.0858665e+001,
  3.9453125e+003, -6.0535294e+001,
  3.9531250e+003, -6.0735195e+001,
  3.9609375e+003, -6.0958614e+001,
  3.9687500e+003, -6.0899818e+001,
  3.9765625e+003, -6.0793991e+001,
  3.9843750e+003, -6.0441219e+001,
  3.9921875e+003, -6.0876301e+001,
  4.0000000e+003, -6.0523533e+001,
  4.0078125e+003, -6.0570568e+001,
  4.0156250e+003, -6.0940975e+001,
  4.0234375e+003, -6.0617603e+001,
  4.0312500e+003, -6.0764591e+001,
  4.0390625e+003, -6.0452980e+001,
  4.0468750e+003, -6.0982132e+001,
  4.0546875e+003, -6.0935097e+001,
  4.0625000e+003, -6.1035049e+001,
  4.0703125e+003, -6.0864544e+001,
  4.0781250e+003, -6.0511772e+001,
  4.0859375e+003, -6.0870422e+001,
  4.0937500e+003, -6.0882183e+001,
  4.1015625e+003, -6.0770470e+001,
  4.1093750e+003, -6.0993893e+001,
  4.1171875e+003, -6.1211433e+001,
  4.1250000e+003, -6.0341270e+001,
  4.1328125e+003, -6.0617603e+001,
  4.1406250e+003, -6.0611725e+001,
  4.1484375e+003, -6.0699917e+001,
  4.1562500e+003, -6.0876301e+001,
  4.1640625e+003, -6.0647003e+001,
  4.1718750e+003, -6.1305504e+001,
  4.1796875e+003, -6.0599968e+001,
  4.1875000e+003, -6.0652882e+001,
  4.1953125e+003, -6.0964493e+001,
  4.2031250e+003, -6.0717556e+001,
  4.2109375e+003, -6.0647003e+001,
  4.2187500e+003, -6.0523533e+001,
  4.2265625e+003, -6.1152637e+001,
  4.2343750e+003, -6.0541172e+001,
  4.2421875e+003, -6.0282475e+001,
  4.2500000e+003, -6.0570568e+001,
  4.2578125e+003, -6.0688160e+001,
  4.2656250e+003, -6.0858665e+001,
  4.2734375e+003, -6.0535294e+001,
  4.2812500e+003, -6.0905701e+001,
  4.2890625e+003, -6.0882183e+001,
  4.2968750e+003, -6.1011532e+001,
  4.3046875e+003, -6.0699917e+001,
  4.3125000e+003, -6.0382423e+001,
  4.3203125e+003, -6.0711678e+001,
  4.3281250e+003, -6.0952736e+001,
  4.3359375e+003, -6.0793991e+001,
  4.3437500e+003, -6.0741074e+001,
  4.3515625e+003, -6.0699917e+001,
  4.3593750e+003, -6.0558811e+001,
  4.3671875e+003, -6.0699917e+001,
  4.3750000e+003, -6.1423096e+001,
  4.3828125e+003, -6.0729317e+001,
  4.3906250e+003, -6.0935097e+001,
  4.3984375e+003, -6.0952736e+001,
  4.4062500e+003, -6.0635242e+001,
  4.4140625e+003, -6.1152637e+001,
  4.4218750e+003, -6.0552929e+001,
  4.4296875e+003, -6.0805748e+001,
