  0.0000000e+000, -8.7851368e+001,
  1.2500000e+002, -9.1008656e+001,
  2.5000000e+002, -9.9504521e+001,
  3.7500000e+002, -1.0425515e+002,
  5.0000000e+002, -1.0591317e+002,
  6.2500000e+002, -1.0632473e+002,
  7.5000000e+002, -1.0632473e+002,
  8.7500000e+002, -1.0658343e+002,
  1.0000000e+003, -1.0648348e+002,
  1.1250000e+003, -1.0678333e+002,
  1.2500000e+003, -1.0751827e+002,
  1.3750000e+003, -1.0777109e+002,
  1.5000000e+003, -1.0726545e+002,
  1.6250000e+003, -1.0712434e+002,
  1.7500000e+003, -1.0733013e+002,
  1.8750000e+003, -1.0763586e+002,
  2.0000000e+003, -1.0728309e+002,
  2.1250000e+003, -1.0719490e+002,
  2.2500000e+003, -1.0732425e+002,
  2.3750000e+003, -1.0718314e+002,
  2.5000000e+003, -1.0720666e+002,
  2.6250000e+003, -1.0740656e+002,
  2.7500000e+003, -1.0752415e+002,
  2.8750000e+003, -1.0701851e+002,
  3.0000000e+003, -1.0707731e+002,
  3.1250000e+003, -1.0712434e+002,
  3.2500000e+003, -1.0672454e+002,
  3.3750000e+003, -1.0691268e+002,
  3.5000000e+003, -1.0719490e+002,
  3.6250000e+003, -1.0677745e+002,
  3.7500000e+003, -1.0691856e+002,
  3.8750000e+003, -1.0683037e+002,
  4.0000000e+003, -1.0665986e+002,
  4.1250000e+003, -1.0656579e+002,
  4.2500000e+003, -1.0708907e+002,
  4.3750000e+003, -1.0720078e+002,
  4.5000000e+003, -1.0723017e+002,
  4.6250000e+003, -1.0705967e+002,
  4.7500000e+003, -1.0747711e+002,
  4.8750000e+003, -1.0825909e+002,
  5.0000000e+003, -1.0774169e+002,
  5.1250000e+003, -1.0729485e+002,
  5.2500000e+003, -1.0709495e+002,
  5.3750000e+003, -1.0711258e+002,
  5.5000000e+003, -1.0737716e+002,
  5.6250000e+003, -1.0745947e+002,
  5.7500000e+003, -1.0743596e+002,
  5.8750000e+003, -1.0725957e+002,
  6.0000000e+003, -1.0728309e+002,
  6.1250000e+003, -1.0741832e+002,
  6.2500000e+003, -1.0730073e+002,
  6.3750000e+003, -1.0731249e+002,
  6.5000000e+003, -1.0711258e+002,
  6.6250000e+003, -1.0736540e+002,
  6.7500000e+003, -1.0768290e+002,
  6.8750000e+003, -1.0714786e+002,
  7.0000000e+003, -1.0664223e+002,
  7.1250000e+003, -1.0677157e+002,
  7.2500000e+003, -1.0692444e+002,
  7.3750000e+003, -1.0718314e+002,
  7.5000000e+003, -1.0698324e+002,
  7.6250000e+003, -1.0692444e+002,
  7.7500000e+003, -1.0698912e+002,
  7.8750000e+003, -1.0752415e+002,
  8.0000000e+003, -1.0764762e+002,
  8.1250000e+003, -1.0735364e+002,
  8.2500000e+003, -1.0728897e+002,
  8.3750000e+003, -1.0701851e+002,
  8.5000000e+003, -1.0669514e+002,
  8.6250000e+003, -1.0651288e+002,
  8.7500000e+003, -1.0663635e+002,
  8.8750000e+003, -1.0674806e+002,
  9.0000000e+003, -1.0688916e+002,
  9.1250000e+003, -1.0701263e+002,
  9.2500000e+003, -1.0725957e+002,
  9.3750000e+003, -1.0707731e+002,
  9.5000000e+003, -1.0692444e+002,
  9.6250000e+003, -1.0722429e+002,
  9.7500000e+003, -1.0727133e+002,
  9.8750000e+003, -1.0693032e+002,
  1.0000000e+004, -1.0683037e+002,
  1.0125000e+004, -1.0694796e+002,
  1.0250000e+004, -1.0700675e+002,
  1.0375000e+004, -1.0709495e+002,
  1.0500000e+004, -1.0725369e+002,
  1.0625000e+004, -1.0695972e+002,
  1.0750000e+004, -1.0737716e+002,
  1.0875000e+004, -1.0752415e+002,
  1.1000000e+004, -1.0719490e+002,
  1.1125000e+004, -1.0717726e+002,
  1.1250000e+004, -1.0757706e+002,
  1.1375000e+004, -1.0727721e+002,
  1.1500000e+004, -1.0695972e+002,
  1.1625000e+004, -9.9921966e+001,
  1.1750000e+004, -7.9090927e+001,
  1.1875000e+004, -6.8302059e+001,
  1.2000000e+004, -6.4956627e+001,
  1.2125000e+004, -6.8296177e+001,
  1.2250000e+004, -7.9043888e+001,
  1.2375000e+004, -9.9557437e+001,
  1.2500000e+004, -1.0720078e+002,
  1.2625000e+004, -1.0757118e+002,
  1.2750000e+004, -1.0734188e+002,
  1.2875000e+004, -1.0702439e+002,
  1.3000000e+004, -1.0678921e+002,
  1.3125000e+004, -1.0644232e+002,
  1.3250000e+004, -1.0610131e+002,
  1.3375000e+004, -1.0637177e+002,
  1.3500000e+004, -1.0672454e+002,
  1.3625000e+004, -1.0632473e+002,
  1.3750000e+004, -1.0651876e+002,
  1.3875000e+004, -1.0704791e+002,
  1.4000000e+004, -1.0753591e+002,
  1.4125000e+004, -1.0785340e+002,
  1.4250000e+004, -1.0754179e+002,
  1.4375000e+004, -1.0715962e+002,
  1.4500000e+004, -1.0688328e+002,
  1.4625000e+004, -1.0634237e+002,
  1.4750000e+004, -1.0609543e+002,
  1.4875000e+004, -1.0673042e+002,
  1.5000000e+004, -1.0724193e+002,
  1.5125000e+004, -1.0738892e+002,
  1.5250000e+004, -1.0730073e+002,
  1.5375000e+004, -1.0684801e+002,
  1.5500000e+004, -1.0403761e+002,
  1.5625000e+004, -1.0093912e+002,
  1.5750000e+004, -1.0194451e+002,
  1.5875000e+004, -1.0484310e+002,
  1.6000000e+004, -1.0600724e+002,
  1.6125000e+004, -1.0654227e+002,
  1.6250000e+004, -1.0691268e+002,
  1.6375000e+004, -1.0675394e+002,
  1.6500000e+004, -1.0656579e+002,
  1.6625000e+004, -1.0658931e+002,
  1.6750000e+004, -1.0694208e+002,
  1.6875000e+004, -1.0673630e+002,
  1.7000000e+004, -1.0634825e+002,
  1.7125000e+004, -1.0643056e+002,
  1.7250000e+004, -1.0676569e+002,
  1.7375000e+004, -1.0688328e+002,
  1.7500000e+004, -1.0705379e+002,
  1.7625000e+004, -1.0698912e+002,
  1.7750000e+004, -1.0704791e+002,
  1.7875000e+004, -1.0747123e+002,
  1.8000000e+004, -1.0741832e+002,
  1.8125000e+004, -1.0685389e+002,
  1.8250000e+004, -1.0662459e+002,
  1.8375000e+004, -1.0660107e+002,
  1.8500000e+004, -1.0643056e+002,
  1.8625000e+004, -1.0669514e+002,
  1.8750000e+004, -1.0670690e+002,
  1.8875000e+004, -1.0683625e+002,
  1.9000000e+004, -1.0673630e+002,
  1.9125000e+004, -1.0697736e+002,
  1.9250000e+004, -1.0714786e+002,
  1.9375000e+004, -1.0700675e+002,
  1.9500000e+004, -1.0729485e+002,
  1.9625000e+004, -1.0733601e+002,
  1.9750000e+004, -1.0719490e+002,
  1.9875000e+004, -1.0703027e+002,
  2.0000000e+004, -1.0703027e+002,
  2.0125000e+004, -1.0723605e+002,
  2.0250000e+004, -1.0710670e+002,
  2.0375000e+004, -1.0692444e+002,
  2.0500000e+004, -1.0696560e+002,
  2.0625000e+004, -1.0645996e+002,
  2.0750000e+004, -1.0622478e+002,
  2.0875000e+004, -1.0648348e+002,
  2.1000000e+004, -1.0674218e+002,
  2.1125000e+004, -1.0658343e+002,
  2.1250000e+004, -1.0677157e+002,
  2.1375000e+004, -1.0724193e+002,
  2.1500000e+004, -1.0723605e+002,
  2.1625000e+004, -1.0714198e+002,
  2.1750000e+004, -1.0666574e+002,
  2.1875000e+004, -1.0617187e+002,
  2.2000000e+004, -1.0640705e+002,
  2.2125000e+004, -1.0670102e+002,
  2.2250000e+004, -1.0651876e+002,
  2.2375000e+004, -1.0665986e+002,
  2.2500000e+004, -1.0667162e+002,
  2.2625000e+004, -1.0692444e+002,
  2.2750000e+004, -1.0693620e+002,
  2.2875000e+004, -1.0697736e+002,
  2.3000000e+004, -1.0701851e+002,
  2.3125000e+004, -1.0715962e+002,
  2.3250000e+004, -1.0727721e+002,
  2.3375000e+004, -1.0686565e+002,
  2.3500000e+004, -1.0657167e+002,
  2.3625000e+004, -1.0634825e+002,
  2.3750000e+004, -1.0590729e+002,
  2.3875000e+004, -1.0410228e+002,
  2.4000000e+004, -1.0230904e+002,
  2.4125000e+004, -1.0442566e+002,
  2.4250000e+004, -1.0675394e+002,
  2.4375000e+004, -1.0689504e+002,
  2.4500000e+004, -1.0698912e+002,
  2.4625000e+004, -1.0678333e+002,
  2.4750000e+004, -1.0670102e+002,
  2.4875000e+004, -1.0672454e+002,
  2.5000000e+004, -1.0684213e+002,
  2.5125000e+004, -1.0685977e+002,
  2.5250000e+004, -1.0692444e+002,
  2.5375000e+004, -1.0673630e+002,
  2.5500000e+004, -1.0668338e+002,
  2.5625000e+004, -1.0653639e+002,
  2.5750000e+004, -1.0657167e+002,
  2.5875000e+004, -1.0680685e+002,
  2.6000000e+004, -1.0677157e+002,
  2.6125000e+004, -1.0702439e+002,
  2.6250000e+004, -1.0699499e+002,
  2.6375000e+004, -1.0664223e+002,
  2.6500000e+004, -1.0660107e+002,
  2.6625000e+004, -1.0676569e+002,
  2.6750000e+004, -1.0666574e+002,
  2.6875000e+004, -1.0683037e+002,
  2.7000000e+004, -1.0693032e+002,
  2.7125000e+004, -1.0638353e+002,
  2.7250000e+004, -1.0620714e+002,
  2.7375000e+004, -1.0636589e+002,
  2.7500000e+004, -1.0639529e+002,
  2.7625000e+004, -1.0649524e+002,
  2.7750000e+004, -1.0669514e+002,
  2.7875000e+004, -1.0675394e+002,
  2.8000000e+004, -1.0691856e+002,
  2.8125000e+004, -1.0701851e+002,
  2.8250000e+004, -1.0683625e+002,
  2.8375000e+004, -1.0679509e+002,
  2.8500000e+004, -1.0677745e+002,
  2.8625000e+004, -1.0705379e+002,
  2.8750000e+004, -1.0711258e+002,
  2.8875000e+004, -1.0685389e+002,
  2.9000000e+004, -1.0726545e+002,
  2.9125000e+004, -1.0740068e+002,
  2.9250000e+004, -1.0707143e+002,
  2.9375000e+004, -1.0669514e+002,
  2.9500000e+004, -1.0714786e+002,
  2.9625000e+004, -1.0733601e+002,
  2.9750000e+004, -1.0714786e+002,
  2.9875000e+004, -1.0705379e+002,
  3.0000000e+004, -1.0688916e+002,
  3.0125000e+004, -1.0680685e+002,
  3.0250000e+004, -1.0673042e+002,
  3.0375000e+004, -1.0649524e+002,
  3.0500000e+004, -1.0665986e+002,
  3.0625000e+004, -1.0700675e+002,
  3.0750000e+004, -1.0701851e+002,
  3.0875000e+004, -1.0667750e+002,
  3.1000000e+004, -1.0653639e+002,
  3.1125000e+004, -1.0632473e+002,
  3.1250000e+004, -1.0491365e+002,
  3.1375000e+004, -1.0519587e+002,
  3.1500000e+004, -1.0623066e+002,
  3.1625000e+004, -1.0614835e+002,
  3.1750000e+004, -1.0632473e+002,
  3.1875000e+004, -1.0625418e+002,
  3.2000000e+004, -1.0651876e+002,
  3.2125000e+004, -1.0687740e+002,
  3.2250000e+004, -1.0730661e+002,
  3.2375000e+004, -1.0729485e+002,
  3.2500000e+004, -1.0734188e+002,
  3.2625000e+004, -1.0686565e+002,
  3.2750000e+004, -1.0664223e+002,
  3.2875000e+004, -1.0664223e+002,
  3.3000000e+004, -1.0675394e+002,
  3.3125000e+004, -1.0701263e+002,
  3.3250000e+004, -1.0705379e+002,
  3.3375000e+004, -1.0665398e+002,
  3.3500000e+004, -1.0668338e+002,
  3.3625000e+004, -1.0698912e+002,
  3.3750000e+004, -1.0704203e+002,
  3.3875000e+004, -1.0712434e+002,
  3.4000000e+004, -1.0690092e+002,
  3.4125000e+004, -1.0694796e+002,
  3.4250000e+004, -1.0721842e+002,
  3.4375000e+004, -1.0748887e+002,
  3.4500000e+004, -1.0733013e+002,
  3.4625000e+004, -1.0694796e+002,
  3.4750000e+004, -1.0686565e+002,
  3.4875000e+004, -1.0674218e+002,
  3.5000000e+004, -1.0680097e+002,
  3.5125000e+004, -1.0679509e+002,
  3.5250000e+004, -1.0724193e+002,
  3.5375000e+004, -1.0711846e+002,
  3.5500000e+004, -1.0730661e+002,
  3.5625000e+004, -1.0702439e+002,
  3.5750000e+004, -1.0406701e+002,
  3.5875000e+004, -9.6353113e+001,
  3.6000000e+004, -9.3331055e+001,
  3.6125000e+004, -9.6629450e+001,
  3.6250000e+004, -1.0431983e+002,
  3.6375000e+004, -1.0630709e+002,
  3.6500000e+004, -1.0664223e+002,
  3.6625000e+004, -1.0682449e+002,
  3.6750000e+004, -1.0683625e+002,
  3.6875000e+004, -1.0700087e+002,
  3.7000000e+004, -1.0687153e+002,
  3.7125000e+004, -1.0668338e+002,
  3.7250000e+004, -1.0643644e+002,
  3.7375000e+004, -1.0661283e+002,
  3.7500000e+004, -1.0716550e+002,
  3.7625000e+004, -1.0744184e+002,
  3.7750000e+004, -1.0787692e+002,
  3.7875000e+004, -1.0779461e+002,
  3.8000000e+004, -1.0713610e+002,
  3.8125000e+004, -1.0694796e+002,
  3.8250000e+004, -1.0669514e+002,
  3.8375000e+004, -1.0636589e+002,
  3.8500000e+004, -1.0648348e+002,
  3.8625000e+004, -1.0714198e+002,
  3.8750000e+004, -1.0731249e+002,
  3.8875000e+004, -1.0683037e+002,
  3.9000000e+004, -1.0639529e+002,
  3.9125000e+004, -1.0632473e+002,
  3.9250000e+004, -1.0641292e+002,
  3.9375000e+004, -1.0664223e+002,
  3.9500000e+004, -1.0688916e+002,
  3.9625000e+004, -1.0678921e+002,
  3.9750000e+004, -1.0671278e+002,
  3.9875000e+004, -1.0720666e+002,
  4.0000000e+004, -1.0690680e+002,
  4.0125000e+004, -1.0666574e+002,
  4.0250000e+004, -1.0685977e+002,
  4.0375000e+004, -1.0688916e+002,
  4.0500000e+004, -1.0677157e+002,
  4.0625000e+004, -1.0678333e+002,
  4.0750000e+004, -1.0722429e+002,
  4.0875000e+004, -1.0696560e+002,
  4.1000000e+004, -1.0674806e+002,
  4.1125000e+004, -1.0667162e+002,
  4.1250000e+004, -1.0644820e+002,
  4.1375000e+004, -1.0662459e+002,
  4.1500000e+004, -1.0705379e+002,
  4.1625000e+004, -1.0714786e+002,
  4.1750000e+004, -1.0696560e+002,
  4.1875000e+004, -1.0666574e+002,
  4.2000000e+004, -1.0693032e+002,
  4.2125000e+004, -1.0697736e+002,
  4.2250000e+004, -1.0702439e+002,
  4.2375000e+004, -1.0677745e+002,
  4.2500000e+004, -1.0656579e+002,
  4.2625000e+004, -1.0673630e+002,
  4.2750000e+004, -1.0698912e+002,
  4.2875000e+004, -1.0718314e+002,
  4.3000000e+004, -1.0736540e+002,
  4.3125000e+004, -1.0717138e+002,
  4.3250000e+004, -1.0714786e+002,
  4.3375000e+004, -1.0735364e+002,
  4.3500000e+004, -1.0742420e+002,
  4.3625000e+004, -1.0744184e+002,
  4.3750000e+004, -1.0691856e+002,
  4.3875000e+004, -1.0655403e+002,
  4.4000000e+004, -1.0658931e+002,
  4.4125000e+004, -1.0688916e+002,
  4.4250000e+004, -1.0685977e+002,
  4.4375000e+004, -1.0719490e+002,
  4.4500000e+004, -1.0718902e+002,
  4.4625000e+004, -1.0708907e+002,
  4.4750000e+004, -1.0689504e+002,
  4.4875000e+004, -1.0692444e+002,
  4.5000000e+004, -1.0742420e+002,
  4.5125000e+004, -1.0784752e+002,
  4.5250000e+004, -1.0755943e+002,
  4.5375000e+004, -1.0720666e+002,
  4.5500000e+004, -1.0720666e+002,
  4.5625000e+004, -1.0691856e+002,
  4.5750000e+004, -1.0665986e+002,
  4.5875000e+004, -1.0643644e+002,
  4.6000000e+004, -1.0681273e+002,
  4.6125000e+004, -1.0713022e+002,
  4.6250000e+004, -1.0740068e+002,
  4.6375000e+004, -1.0713022e+002,
  4.6500000e+004, -1.0681861e+002,
  4.6625000e+004, -1.0684801e+002,
  4.6750000e+004, -1.0641880e+002,
  4.6875000e+004, -1.0597784e+002,
  4.7000000e+004, -1.0599548e+002,
  4.7125000e+004, -1.0633061e+002,
  4.7250000e+004, -1.0652464e+002,
  4.7375000e+004, -1.0657755e+002,
  4.7500000e+004, -1.0636001e+002,
  4.7625000e+004, -1.0611895e+002,
  4.7750000e+004, -1.0606015e+002,
  4.7875000e+004, -1.0474315e+002,
  4.8000000e+004, -1.0350846e+002,
  4.8125000e+004, -1.0504888e+002,
  4.8250000e+004, -1.0667162e+002,
  4.8375000e+004, -1.0698324e+002,
  4.8500000e+004, -1.0702439e+002,
  4.8625000e+004, -1.0718314e+002,
  4.8750000e+004, -1.0703027e+002,
  4.8875000e+004, -1.0671278e+002,
  4.9000000e+004, -1.0655403e+002,
  4.9125000e+004, -1.0680097e+002,
  4.9250000e+004, -1.0730661e+002,
  4.9375000e+004, -1.0743596e+002,
  4.9500000e+004, -1.0685389e+002,
  4.9625000e+004, -1.0669514e+002,
  4.9750000e+004, -1.0689504e+002,
  4.9875000e+004, -1.0658343e+002,
