  0.0000000e+000, -6.2875328e+001,
  6.2500000e+001, -6.6009098e+001,
  1.2500000e+002, -7.5151709e+001,
  1.8750000e+002, -8.1331055e+001,
  2.5000000e+002, -8.0925369e+001,
  3.1250000e+002, -7.9384943e+001,
  3.7500000e+002, -7.8114973e+001,
  4.3750000e+002, -7.8338394e+001,
  5.0000000e+002, -7.9626003e+001,
  5.6250000e+002, -8.0019928e+001,
  6.2500000e+002, -7.9049812e+001,
  6.8750000e+002, -7.8338394e+001,
  7.5000000e+002, -7.8938103e+001,
  8.1250000e+002, -8.0801901e+001,
  8.7500000e+002, -8.3230131e+001,
  9.3750000e+002, -8.5576048e+001,
  1.0000000e+003, -8.7904327e+001,
  1.0625000e+003, -8.9585862e+001,
  1.1250000e+003, -9.0738242e+001,
  1.1875000e+003, -9.1972936e+001,
  1.2500000e+003, -9.2308066e+001,
  1.3125000e+003, -9.0808796e+001,
  1.3750000e+003, -9.0456027e+001,
  1.4375000e+003, -9.1220361e+001,
  1.5000000e+003, -9.2219874e+001,
  1.5625000e+003, -9.3201750e+001,
  1.6250000e+003, -9.3595675e+001,
  1.6875000e+003, -9.3930806e+001,
  1.7500000e+003, -9.4506997e+001,
  1.8125000e+003, -9.4712779e+001,
  1.8750000e+003, -9.4301214e+001,
  1.9375000e+003, -9.3836735e+001,
  2.0000000e+003, -9.3895530e+001,
  2.0625000e+003, -9.4342371e+001,
  2.1250000e+003, -9.4242419e+001,
  2.1875000e+003, -9.3872011e+001,
  2.2500000e+003, -9.4107191e+001,
  2.3125000e+003, -9.4201263e+001,
  2.3750000e+003, -9.4107191e+001,
  2.4375000e+003, -9.4342371e+001,
  2.5000000e+003, -9.4524635e+001,
  2.5625000e+003, -9.4830369e+001,
  2.6250000e+003, -9.4518756e+001,
  2.6875000e+003, -9.4242419e+001,
  2.7500000e+003, -9.4318853e+001,
  2.8125000e+003, -9.4589310e+001,
  2.8750000e+003, -9.4736297e+001,
  2.9375000e+003, -9.4483479e+001,
  3.0000000e+003, -9.3789699e+001,
  3.0625000e+003, -9.1767154e+001,
  3.1250000e+003, -8.8656902e+001,
  3.1875000e+003, -8.5723036e+001,
  3.2500000e+003, -8.2842085e+001,
  3.3125000e+003, -7.8438345e+001,
  3.3750000e+003, -7.4428532e+001,
  3.4375000e+003, -7.4246267e+001,
  3.5000000e+003, -7.8626490e+001,
  3.5625000e+003, -8.5723036e+001,
  3.6250000e+003, -9.0138535e+001,
  3.6875000e+003, -9.2155200e+001,
  3.7500000e+003, -9.3525122e+001,
  3.8125000e+003, -9.4295335e+001,
  3.8750000e+003, -9.4407045e+001,
  3.9375000e+003, -9.4618707e+001,
  4.0000000e+003, -9.4871525e+001,
  4.0625000e+003, -9.4771574e+001,
  4.1250000e+003, -9.4218902e+001,
  4.1875000e+003, -9.3272304e+001,
  4.2500000e+003, -9.2131682e+001,
  4.3125000e+003, -9.0644171e+001,
  4.3750000e+003, -8.8656902e+001,
  4.4375000e+003, -8.7040042e+001,
  4.5000000e+003, -8.5834745e+001,
  4.5625000e+003, -8.5828867e+001,
  4.6250000e+003, -8.6481490e+001,
  4.6875000e+003, -8.7016524e+001,
  4.7500000e+003, -8.7857291e+001,
  4.8125000e+003, -8.8492276e+001,
  4.8750000e+003, -8.8721577e+001,
  4.9375000e+003, -8.8780372e+001,
  5.0000000e+003, -8.8968515e+001,
  5.0625000e+003, -8.9121382e+001,
  5.1250000e+003, -8.8639264e+001,
  5.1875000e+003, -8.8274735e+001,
  5.2500000e+003, -8.7910207e+001,
  5.3125000e+003, -8.6769586e+001,
  5.3750000e+003, -8.5858265e+001,
  5.4375000e+003, -8.5029255e+001,
  5.5000000e+003, -8.3818081e+001,
  5.5625000e+003, -8.2318810e+001,
  5.6250000e+003, -8.0055204e+001,
  5.6875000e+003, -7.6268812e+001,
  5.7500000e+003, -6.8707787e+001,
  5.8125000e+003, -6.1452492e+001,
  5.8750000e+003, -5.9183010e+001,
  5.9375000e+003, -6.2316776e+001,
  6.0000000e+003, -6.9525036e+001,
  6.0625000e+003, -7.4975325e+001,
  6.1250000e+003, -7.7056664e+001,
  6.1875000e+003, -7.7873915e+001,
  6.2500000e+003, -7.8067938e+001,
  6.3125000e+003, -7.8032660e+001,
  6.3750000e+003, -7.7962107e+001,
  6.4375000e+003, -7.7233049e+001,
  6.5000000e+003, -7.5686743e+001,
  6.5625000e+003, -7.3064489e+001,
  6.6250000e+003, -6.8795979e+001,
  6.6875000e+003, -6.3045834e+001,
  6.7500000e+003, -5.9247684e+001,
  6.8125000e+003, -5.9788597e+001,
  6.8750000e+003, -6.4897877e+001,
  6.9375000e+003, -7.2823431e+001,
  7.0000000e+003, -7.7191893e+001,
  7.0625000e+003, -7.9408461e+001,
  7.1250000e+003, -8.1724981e+001,
  7.1875000e+003, -8.3218372e+001,
  7.2500000e+003, -8.4082657e+001,
  7.3125000e+003, -8.4864630e+001,
  7.3750000e+003, -8.5540771e+001,
  7.4375000e+003, -8.6346262e+001,
  7.5000000e+003, -8.6716670e+001,
  7.5625000e+003, -8.6516768e+001,
  7.6250000e+003, -8.6787224e+001,
  7.6875000e+003, -8.7592714e+001,
  7.7500000e+003, -8.7863171e+001,
  7.8125000e+003, -8.7686786e+001,
  7.8750000e+003, -8.7104716e+001,
  7.9375000e+003, -8.7040042e+001,
  8.0000000e+003, -8.6787224e+001,
  8.0625000e+003, -8.6434454e+001,
  8.1250000e+003, -8.6887175e+001,
  8.1875000e+003, -8.7075319e+001,
  8.2500000e+003, -8.6716670e+001,
  8.3125000e+003, -8.6081684e+001,
  8.3750000e+003, -8.5687759e+001,
  8.4375000e+003, -8.5199760e+001,
  8.5000000e+003, -8.4288439e+001,
  8.5625000e+003, -8.3165457e+001,
  8.6250000e+003, -8.1436886e+001,
  8.6875000e+003, -7.9749472e+001,
  8.7500000e+003, -7.7973866e+001,
  8.8125000e+003, -7.4034605e+001,
  8.8750000e+003, -6.7631840e+001,
  8.9375000e+003, -6.3145786e+001,
  9.0000000e+003, -6.3210461e+001,
  9.0625000e+003, -6.7908176e+001,
  9.1250000e+003, -7.4516724e+001,
  9.1875000e+003, -7.8279598e+001,
  9.2500000e+003, -8.0572601e+001,
  9.3125000e+003, -8.2424641e+001,
  9.3750000e+003, -8.3629936e+001,
  9.4375000e+003, -8.4705883e+001,
  9.5000000e+003, -8.5987614e+001,
  9.5625000e+003, -8.6422695e+001,
  9.6250000e+003, -8.6998885e+001,
  9.6875000e+003, -8.7680906e+001,
  9.7500000e+003, -8.7810255e+001,
  9.8125000e+003, -8.7322257e+001,
  9.8750000e+003, -8.7104716e+001,
  9.9375000e+003, -8.7481004e+001,
  1.0000000e+004, -8.7921966e+001,
  1.0062500e+004, -8.7351655e+001,
  1.0125000e+004, -8.4406029e+001,
  1.0187500e+004, -7.9014536e+001,
  1.0250000e+004, -7.6133585e+001,
  1.0312500e+004, -7.8179647e+001,
  1.0375000e+004, -8.4776438e+001,
  1.0437500e+004, -8.9985667e+001,
  1.0500000e+004, -8.8292374e+001,
  1.0562500e+004, -8.1184069e+001,
  1.0625000e+004, -7.2347191e+001,
  1.0687500e+004, -6.7584805e+001,
  1.0750000e+004, -6.7878777e+001,
  1.0812500e+004, -7.1847435e+001,
  1.0875000e+004, -7.4740145e+001,
  1.0937500e+004, -7.4687229e+001,
  1.1000000e+004, -7.2993935e+001,
  1.1062500e+004, -6.9272217e+001,
  1.1125000e+004, -6.4768524e+001,
  1.1187500e+004, -6.3281013e+001,
  1.1250000e+004, -6.5867992e+001,
  1.1312500e+004, -7.1429991e+001,
  1.1375000e+004, -7.6886160e+001,
  1.1437500e+004, -8.0572601e+001,
  1.1500000e+004, -8.3982706e+001,
  1.1562500e+004, -8.7910207e+001,
  1.1625000e+004, -8.5587807e+001,
  1.1687500e+004, -7.6839123e+001,
  1.1750000e+004, -7.2652925e+001,
  1.1812500e+004, -7.3211477e+001,
  1.1875000e+004, -7.6545149e+001,
  1.1937500e+004, -7.9196800e+001,
  1.2000000e+004, -8.0796021e+001,
  1.2062500e+004, -8.1554476e+001,
  1.2125000e+004, -8.1601511e+001,
  1.2187500e+004, -8.1407488e+001,
  1.2250000e+004, -8.1295778e+001,
  1.2312500e+004, -8.0678431e+001,
  1.2375000e+004, -7.9484894e+001,
  1.2437500e+004, -7.7380037e+001,
  1.2500000e+004, -7.3393742e+001,
  1.2562500e+004, -6.8660751e+001,
  1.2625000e+004, -6.6538254e+001,
  1.2687500e+004, -6.8502003e+001,
  1.2750000e+004, -7.3746510e+001,
  1.2812500e+004, -7.9067451e+001,
  1.2875000e+004, -8.2530472e+001,
  1.2937500e+004, -8.4882269e+001,
  1.3000000e+004, -8.6987126e+001,
  1.3062500e+004, -8.8756853e+001,
  1.3125000e+004, -8.9909234e+001,
  1.3187500e+004, -9.0626532e+001,
  1.3250000e+004, -9.1096891e+001,
  1.3312500e+004, -9.1955297e+001,
  1.3375000e+004, -9.2590282e+001,
  1.3437500e+004, -9.3048882e+001,
  1.3500000e+004, -9.3877892e+001,
  1.3562500e+004, -9.3648591e+001,
  1.3625000e+004, -8.8698059e+001,
  1.3687500e+004, -8.5652481e+001,
  1.3750000e+004, -8.6687272e+001,
  1.3812500e+004, -8.9256610e+001,
  1.3875000e+004, -9.0138535e+001,
  1.3937500e+004, -9.0697086e+001,
  1.4000000e+004, -9.1226240e+001,
  1.4062500e+004, -9.0973422e+001,
  1.4125000e+004, -9.0755881e+001,
  1.4187500e+004, -9.0332558e+001,
  1.4250000e+004, -8.9238972e+001,
  1.4312500e+004, -8.7939604e+001,
  1.4375000e+004, -8.5952335e+001,
  1.4437500e+004, -8.3312445e+001,
  1.4500000e+004, -8.1137032e+001,
  1.4562500e+004, -8.0819540e+001,
  1.4625000e+004, -8.3036108e+001,
  1.4687500e+004, -8.5664240e+001,
  1.4750000e+004, -8.6663754e+001,
  1.4812500e+004, -8.6463852e+001,
  1.4875000e+004, -8.7339896e+001,
  1.4937500e+004, -9.0944025e+001,
  1.5000000e+004, -9.4895043e+001,
  1.5062500e+004, -9.5506510e+001,
  1.5125000e+004, -9.5341885e+001,
  1.5187500e+004, -9.5406559e+001,
  1.5250000e+004, -9.4712779e+001,
  1.5312500e+004, -9.3172352e+001,
  1.5375000e+004, -9.0244365e+001,
  1.5437500e+004, -8.4982220e+001,
  1.5500000e+004, -7.9978771e+001,
  1.5562500e+004, -7.7809238e+001,
  1.5625000e+004, -7.7885674e+001,
  1.5687500e+004, -7.8585333e+001,
  1.5750000e+004, -7.8285479e+001,
  1.5812500e+004, -7.7291843e+001,
  1.5875000e+004, -7.7362398e+001,
  1.5937500e+004, -7.9032173e+001,
  1.6000000e+004, -8.1889606e+001,
  1.6062500e+004, -8.4529499e+001,
  1.6125000e+004, -8.6193396e+001,
  1.6187500e+004, -8.7192908e+001,
  1.6250000e+004, -8.7774979e+001,
  1.6312500e+004, -8.7739701e+001,
  1.6375000e+004, -8.7451607e+001,
  1.6437500e+004, -8.6822500e+001,
  1.6500000e+004, -8.5969975e+001,
  1.6562500e+004, -8.4876389e+001,
  1.6625000e+004, -8.2824446e+001,
  1.6687500e+004, -7.9567207e+001,
  1.6750000e+004, -7.5910164e+001,
  1.6812500e+004, -7.4046364e+001,
  1.6875000e+004, -7.4840096e+001,
  1.6937500e+004, -7.7944468e+001,
  1.7000000e+004, -8.1007683e+001,
  1.7062500e+004, -8.2924397e+001,
  1.7125000e+004, -8.5734795e+001,
  1.7187500e+004, -8.8909720e+001,
  1.7250000e+004, -8.7575076e+001,
  1.7312500e+004, -8.5382025e+001,
  1.7375000e+004, -8.4958702e+001,
  1.7437500e+004, -8.5658361e+001,
  1.7500000e+004, -8.5623085e+001,
  1.7562500e+004, -8.4941063e+001,
  1.7625000e+004, -8.4541258e+001,
  1.7687500e+004, -8.4188488e+001,
  1.7750000e+004, -8.2836205e+001,
  1.7812500e+004, -8.0637276e+001,
  1.7875000e+004, -7.8132612e+001,
  1.7937500e+004, -7.6686256e+001,
  1.8000000e+004, -7.7891552e+001,
  1.8062500e+004, -8.1766138e+001,
  1.8125000e+004, -8.6675513e+001,
  1.8187500e+004, -9.0996940e+001,
  1.8250000e+004, -9.3883771e+001,
  1.8312500e+004, -9.2713752e+001,
  1.8375000e+004, -8.8580469e+001,
  1.8437500e+004, -8.3853357e+001,
  1.8500000e+004, -7.9896460e+001,
  1.8562500e+004, -7.8514778e+001,
  1.8625000e+004, -8.0166916e+001,
  1.8687500e+004, -8.3153698e+001,
  1.8750000e+004, -8.5652481e+001,
  1.8812500e+004, -8.7040042e+001,
  1.8875000e+004, -8.7575076e+001,
  1.8937500e+004, -8.8504035e+001,
  1.9000000e+004, -8.9468272e+001,
  1.9062500e+004, -9.0567737e+001,
  1.9125000e+004, -9.1049855e+001,
  1.9187500e+004, -9.0832314e+001,
  1.9250000e+004, -9.0844073e+001,
  1.9312500e+004, -9.1361468e+001,
  1.9375000e+004, -9.1226240e+001,
  1.9437500e+004, -9.1285035e+001,
  1.9500000e+004, -9.1596648e+001,
  1.9562500e+004, -9.1061614e+001,
  1.9625000e+004, -9.1038096e+001,
  1.9687500e+004, -9.0973422e+001,
  1.9750000e+004, -9.1449661e+001,
  1.9812500e+004, -9.1414384e+001,
  1.9875000e+004, -9.0697086e+001,
  1.9937500e+004, -8.9327165e+001,
  2.0000000e+004, -8.7951364e+001,
  2.0062500e+004, -8.6781344e+001,
  2.0125000e+004, -8.5117449e+001,
  2.0187500e+004, -8.3053747e+001,
  2.0250000e+004, -8.0995924e+001,
  2.0312500e+004, -7.9614243e+001,
  2.0375000e+004, -7.9490774e+001,
  2.0437500e+004, -8.0778383e+001,
  2.0500000e+004, -8.2824446e+001,
  2.0562500e+004, -8.4594173e+001,
  2.0625000e+004, -8.6510887e+001,
  2.0687500e+004, -8.9162539e+001,
  2.0750000e+004, -9.3119436e+001,
  2.0812500e+004, -9.5341885e+001,
  2.0875000e+004, -9.5312487e+001,
  2.0937500e+004, -9.5359523e+001,
  2.1000000e+004, -9.3613314e+001,
  2.1062500e+004, -9.0003305e+001,
  2.1125000e+004, -8.4600052e+001,
  2.1187500e+004, -8.0108120e+001,
  2.1250000e+004, -7.8579453e+001,
  2.1312500e+004, -8.0378578e+001,
  2.1375000e+004, -8.4176729e+001,
  2.1437500e+004, -8.6628477e+001,
  2.1500000e+004, -8.5676001e+001,
  2.1562500e+004, -8.4282560e+001,
  2.1625000e+004, -8.4088537e+001,
  2.1687500e+004, -8.4611813e+001,
  2.1750000e+004, -8.5240917e+001,
  2.1812500e+004, -8.5576048e+001,
  2.1875000e+004, -8.5822987e+001,
  2.1937500e+004, -8.6358021e+001,
  2.2000000e+004, -8.6328623e+001,
  2.2062500e+004, -8.6081684e+001,
  2.2125000e+004, -8.5534891e+001,
  2.2187500e+004, -8.4870510e+001,
  2.2250000e+004, -8.3918032e+001,
  2.2312500e+004, -8.2483435e+001,
  2.2375000e+004, -8.1336935e+001,
  2.2437500e+004, -8.0449131e+001,
  2.2500000e+004, -7.9408461e+001,
  2.2562500e+004, -7.9179161e+001,
  2.2625000e+004, -8.0278625e+001,
  2.2687500e+004, -8.2001318e+001,
  2.2750000e+004, -8.3594660e+001,
  2.2812500e+004, -8.4429548e+001,
  2.2875000e+004, -8.4858749e+001,
  2.2937500e+004, -8.5811228e+001,
  2.3000000e+004, -8.8451120e+001,
  2.3062500e+004, -9.1920020e+001,
  2.3125000e+004, -9.4554033e+001,
  2.3187500e+004, -9.5677016e+001,
  2.3250000e+004, -9.6029785e+001,
  2.3312500e+004, -9.5077308e+001,
  2.3375000e+004, -9.4377648e+001,
  2.3437500e+004, -9.4483479e+001,
  2.3500000e+004, -9.4842128e+001,
  2.3562500e+004, -9.4924441e+001,
  2.3625000e+004, -9.4642225e+001,
  2.3687500e+004, -9.3883771e+001,
  2.3750000e+004, -9.3466327e+001,
  2.3812500e+004, -9.3513363e+001,
  2.3875000e+004, -9.3648591e+001,
  2.3937500e+004, -9.3260545e+001,
  2.4000000e+004, -9.1143928e+001,
  2.4062500e+004, -8.9162539e+001,
  2.4125000e+004, -8.7404571e+001,
  2.4187500e+004, -8.5511374e+001,
  2.4250000e+004, -8.4553017e+001,
  2.4312500e+004, -8.5299713e+001,
  2.4375000e+004, -8.6898934e+001,
  2.4437500e+004, -8.8298253e+001,
  2.4500000e+004, -8.9550585e+001,
  2.4562500e+004, -9.0896989e+001,
  2.4625000e+004, -9.2625559e+001,
  2.4687500e+004, -9.4318853e+001,
  2.4750000e+004, -9.4965597e+001,
  2.4812500e+004, -9.5136102e+001,
  2.4875000e+004, -9.4459961e+001,
  2.4937500e+004, -9.3178231e+001,
