  0.0000000e+000, -5.5102596e+001,
  1.2500000e+002, -5.8430389e+001,
  2.5000000e+002, -6.9036995e+001,
  3.7500000e+002, -8.3353558e+001,
  5.0000000e+002, -8.6022846e+001,
  6.2500000e+002, -8.7657345e+001,
  7.5000000e+002, -8.8827364e+001,
  8.7500000e+002, -8.9732805e+001,
  1.0000000e+003, -9.0620609e+001,
  1.1250000e+003, -9.1549568e+001,
  1.2500000e+003, -9.2643154e+001,
  1.3750000e+003, -9.3848450e+001,
  1.5000000e+003, -9.5000832e+001,
  1.6250000e+003, -9.6270802e+001,
  1.7500000e+003, -9.7417301e+001,
  1.8750000e+003, -9.8358021e+001,
  2.0000000e+003, -9.9204668e+001,
  2.1250000e+003, -9.9869050e+001,
  2.2500000e+003, -9.9810255e+001,
  2.3750000e+003, -9.9375173e+001,
  2.5000000e+003, -9.8922452e+001,
  2.6250000e+003, -9.8152239e+001,
  2.7500000e+003, -9.6835232e+001,
  2.8750000e+003, -9.6212006e+001,
  3.0000000e+003, -9.6829353e+001,
  3.1250000e+003, -9.6882269e+001,
  3.2500000e+003, -9.6764679e+001,
  3.3750000e+003, -9.7005737e+001,
  3.5000000e+003, -9.7205641e+001,
  3.6250000e+003, -9.7446699e+001,
  3.7500000e+003, -9.7958216e+001,
  3.8750000e+003, -9.8569682e+001,
  4.0000000e+003, -9.9551558e+001,
  4.1250000e+003, -1.0045112e+002,
  4.2500000e+003, -1.0100379e+002,
  4.3750000e+003, -1.0152707e+002,
  4.5000000e+003, -1.0179752e+002,
  4.6250000e+003, -1.0109786e+002,
  4.7500000e+003, -1.0001604e+002,
  4.8750000e+003, -9.8998885e+001,
  5.0000000e+003, -9.8122841e+001,
  5.1250000e+003, -9.7476097e+001,
  5.2500000e+003, -9.7111568e+001,
  5.3750000e+003, -9.6935184e+001,
  5.5000000e+003, -9.6529499e+001,
  5.6250000e+003, -5.3421062e+001,
  5.7500000e+003, -3.1766891e+001,
  5.8750000e+003, -2.0995667e+001,
  6.0000000e+003, -1.7656113e+001,
  6.1250000e+003, -2.0995667e+001,
  6.2500000e+003, -3.1761017e+001,
  6.3750000e+003, -5.3409306e+001,
  6.5000000e+003, -1.0375539e+002,
  6.6250000e+003, -1.0399645e+002,
  6.7500000e+003, -1.0391414e+002,
  6.8750000e+003, -1.0354373e+002,
  7.0000000e+003, -1.0317332e+002,
  7.1250000e+003, -1.0319096e+002,
  7.2500000e+003, -1.0340263e+002,
  7.3750000e+003, -1.0372012e+002,
  7.5000000e+003, -1.0408465e+002,
  7.6250000e+003, -1.0456088e+002,
  7.7500000e+003, -1.0484310e+002,
  7.8750000e+003, -1.0530758e+002,
  8.0000000e+003, -1.0604840e+002,
  8.1250000e+003, -1.0652464e+002,
  8.2500000e+003, -1.0660107e+002,
  8.3750000e+003, -1.0640705e+002,
  8.5000000e+003, -1.0668926e+002,
  8.6250000e+003, -1.0692444e+002,
  8.7500000e+003, -1.0660695e+002,
  8.8750000e+003, -1.0660107e+002,
  9.0000000e+003, -1.0626006e+002,
  9.1250000e+003, -1.0637765e+002,
  9.2500000e+003, -1.0686565e+002,
  9.3750000e+003, -1.0690092e+002,
  9.5000000e+003, -1.0658931e+002,
  9.6250000e+003, -1.0643644e+002,
  9.7500000e+003, -1.0657167e+002,
  9.8750000e+003, -1.0509004e+002,
  1.0000000e+004, -1.0067454e+002,
  1.0125000e+004, -1.0023946e+002,
  1.0250000e+004, -1.0436686e+002,
  1.0375000e+004, -1.0748887e+002,
  1.0500000e+004, -1.0801803e+002,
  1.0625000e+004, -1.0821793e+002,
  1.0750000e+004, -1.0815913e+002,
  1.0875000e+004, -1.0792395e+002,
  1.1000000e+004, -1.0751827e+002,
  1.1125000e+004, -1.0704791e+002,
  1.1250000e+004, -1.0657167e+002,
  1.1375000e+004, -1.0694208e+002,
  1.1500000e+004, -1.0738892e+002,
  1.1625000e+004, -1.0725957e+002,
  1.1750000e+004, -1.0680097e+002,
  1.1875000e+004, -1.0477843e+002,
  1.2000000e+004, -1.0353197e+002,
  1.2125000e+004, -1.0542517e+002,
  1.2250000e+004, -1.0702439e+002,
  1.2375000e+004, -1.0735364e+002,
  1.2500000e+004, -1.0742420e+002,
  1.2625000e+004, -1.0715962e+002,
  1.2750000e+004, -1.0703027e+002,
  1.2875000e+004, -1.0688328e+002,
  1.3000000e+004, -1.0732425e+002,
  1.3125000e+004, -1.0750063e+002,
  1.3250000e+004, -1.0718314e+002,
  1.3375000e+004, -1.0694796e+002,
  1.3500000e+004, -1.0744772e+002,
  1.3625000e+004, -1.0716550e+002,
  1.3750000e+004, -1.0678333e+002,
  1.3875000e+004, -1.0662459e+002,
  1.4000000e+004, -1.0631885e+002,
  1.4125000e+004, -1.0712434e+002,
  1.4250000e+004, -1.0814150e+002,
  1.4375000e+004, -1.0785340e+002,
  1.4500000e+004, -1.0728309e+002,
  1.4625000e+004, -1.0720666e+002,
  1.4750000e+004, -1.0712434e+002,
  1.4875000e+004, -1.0740068e+002,
  1.5000000e+004, -1.0767114e+002,
  1.5125000e+004, -1.0747123e+002,
  1.5250000e+004, -1.0720078e+002,
  1.5375000e+004, -1.0006895e+002,
  1.5500000e+004, -8.8357004e+001,
  1.5625000e+004, -8.3812157e+001,
  1.5750000e+004, -8.5987570e+001,
  1.5875000e+004, -9.5153698e+001,
  1.6000000e+004, -1.0596020e+002,
  1.6125000e+004, -1.0685977e+002,
  1.6250000e+004, -1.0726545e+002,
  1.6375000e+004, -1.0735952e+002,
  1.6500000e+004, -1.0734188e+002,
  1.6625000e+004, -1.0685977e+002,
  1.6750000e+004, -1.0703027e+002,
  1.6875000e+004, -1.0707143e+002,
  1.7000000e+004, -1.0722429e+002,
  1.7125000e+004, -1.0752415e+002,
  1.7250000e+004, -1.0773581e+002,
  1.7375000e+004, -1.0779461e+002,
  1.7500000e+004, -1.0772405e+002,
  1.7625000e+004, -1.0758882e+002,
  1.7750000e+004, -1.0380243e+002,
  1.7875000e+004, -9.5118422e+001,
  1.8000000e+004, -9.1943495e+001,
  1.8125000e+004, -9.5159576e+001,
  1.8250000e+004, -1.0396118e+002,
  1.8375000e+004, -1.0747123e+002,
  1.8500000e+004, -1.0735952e+002,
  1.8625000e+004, -1.0721254e+002,
  1.8750000e+004, -1.0711846e+002,
  1.8875000e+004, -1.0715962e+002,
  1.9000000e+004, -1.0720666e+002,
  1.9125000e+004, -1.0533698e+002,
  1.9250000e+004, -1.0330855e+002,
  1.9375000e+004, -1.0476079e+002,
  1.9500000e+004, -1.0700675e+002,
  1.9625000e+004, -1.0762998e+002,
  1.9750000e+004, -1.0753591e+002,
  1.9875000e+004, -1.0717138e+002,
  2.0000000e+004, -1.0625418e+002,
  2.0125000e+004, -1.0604840e+002,
  2.0250000e+004, -1.0686565e+002,
  2.0375000e+004, -1.0736540e+002,
  2.0500000e+004, -1.0731837e+002,
  2.0625000e+004, -1.0732425e+002,
  2.0750000e+004, -1.0765938e+002,
  2.0875000e+004, -1.0721842e+002,
  2.1000000e+004, -1.0733013e+002,
  2.1125000e+004, -1.0753591e+002,
  2.1250000e+004, -1.0684801e+002,
  2.1375000e+004, -1.0666574e+002,
  2.1500000e+004, -1.0721842e+002,
  2.1625000e+004, -1.0743596e+002,
  2.1750000e+004, -1.0709495e+002,
  2.1875000e+004, -1.0677745e+002,
  2.2000000e+004, -1.0669514e+002,
  2.2125000e+004, -1.0694208e+002,
  2.2250000e+004, -1.0711846e+002,
  2.2375000e+004, -1.0710083e+002,
  2.2500000e+004, -1.0731837e+002,
  2.2625000e+004, -1.0737716e+002,
  2.2750000e+004, -1.0731249e+002,
  2.2875000e+004, -1.0700675e+002,
  2.3000000e+004, -1.0703615e+002,
  2.3125000e+004, -1.0705379e+002,
  2.3250000e+004, -1.0692444e+002,
  2.3375000e+004, -1.0695972e+002,
  2.3500000e+004, -1.0765350e+002,
  2.3625000e+004, -1.0755355e+002,
  2.3750000e+004, -1.0688916e+002,
  2.3875000e+004, -1.0691856e+002,
  2.4000000e+004, -1.0730661e+002,
  2.4125000e+004, -1.0778873e+002,
  2.4250000e+004, -1.0772405e+002,
  2.4375000e+004, -1.0748299e+002,
  2.4500000e+004, -1.0701851e+002,
  2.4625000e+004, -1.0721254e+002,
  2.4750000e+004, -1.0759470e+002,
  2.4875000e+004, -1.0778285e+002,
  2.5000000e+004, -1.0758882e+002,
  2.5125000e+004, -1.0738892e+002,
  2.5250000e+004, -1.0704791e+002,
  2.5375000e+004, -1.0751239e+002,
  2.5500000e+004, -1.0736540e+002,
  2.5625000e+004, -1.0750063e+002,
  2.5750000e+004, -1.0738304e+002,
  2.5875000e+004, -1.0709495e+002,
  2.6000000e+004, -1.0693032e+002,
  2.6125000e+004, -1.0703027e+002,
  2.6250000e+004, -1.0692444e+002,
  2.6375000e+004, -1.0685977e+002,
  2.6500000e+004, -1.0680097e+002,
  2.6625000e+004, -1.0699499e+002,
  2.6750000e+004, -1.0738304e+002,
  2.6875000e+004, -1.0763586e+002,
  2.7000000e+004, -1.0760646e+002,
  2.7125000e+004, -1.0693032e+002,
  2.7250000e+004, -1.0696560e+002,
  2.7375000e+004, -1.0788868e+002,
  2.7500000e+004, -1.0789456e+002,
  2.7625000e+004, -1.0727721e+002,
  2.7750000e+004, -1.0695384e+002,
  2.7875000e+004, -1.0670102e+002,
  2.8000000e+004, -1.0623654e+002,
  2.8125000e+004, -1.0650112e+002,
  2.8250000e+004, -1.0704791e+002,
  2.8375000e+004, -1.0743596e+002,
  2.8500000e+004, -1.0743008e+002,
  2.8625000e+004, -1.0737716e+002,
  2.8750000e+004, -1.0727133e+002,
  2.8875000e+004, -1.0757706e+002,
  2.9000000e+004, -1.0772993e+002,
  2.9125000e+004, -1.0718314e+002,
  2.9250000e+004, -1.0689504e+002,
  2.9375000e+004, -1.0728309e+002,
  2.9500000e+004, -1.0752415e+002,
  2.9625000e+004, -1.0733601e+002,
  2.9750000e+004, -1.0593669e+002,
  2.9875000e+004, -9.9874929e+001,
  3.0000000e+004, -9.7023376e+001,
  3.0125000e+004, -1.0021594e+002,
  3.0250000e+004, -1.0610131e+002,
  3.0375000e+004, -1.0728309e+002,
  3.0500000e+004, -1.0767702e+002,
  3.0625000e+004, -1.0778873e+002,
  3.0750000e+004, -1.0780636e+002,
  3.0875000e+004, -1.0804742e+002,
  3.1000000e+004, -1.0741244e+002,
  3.1125000e+004, -1.0299106e+002,
  3.1250000e+004, -9.8746067e+001,
  3.1375000e+004, -9.9580956e+001,
  3.1500000e+004, -1.0452561e+002,
  3.1625000e+004, -1.0715962e+002,
  3.1750000e+004, -1.0757706e+002,
  3.1875000e+004, -1.0718902e+002,
  3.2000000e+004, -1.0665986e+002,
  3.2125000e+004, -1.0684801e+002,
  3.2250000e+004, -1.0697148e+002,
  3.2375000e+004, -1.0677157e+002,
  3.2500000e+004, -1.0709495e+002,
  3.2625000e+004, -1.0754179e+002,
  3.2750000e+004, -1.0775345e+002,
  3.2875000e+004, -1.0766526e+002,
  3.3000000e+004, -1.0740068e+002,
  3.3125000e+004, -1.0710083e+002,
  3.3250000e+004, -1.0695384e+002,
  3.3375000e+004, -1.0664810e+002,
  3.3500000e+004, -1.0687740e+002,
  3.3625000e+004, -1.0728897e+002,
  3.3750000e+004, -1.0696560e+002,
  3.3875000e+004, -1.0645996e+002,
  3.4000000e+004, -1.0606604e+002,
  3.4125000e+004, -1.0669514e+002,
  3.4250000e+004, -1.0693032e+002,
  3.4375000e+004, -1.0661871e+002,
  3.4500000e+004, -1.0684213e+002,
  3.4625000e+004, -1.0715374e+002,
  3.4750000e+004, -1.0786516e+002,
  3.4875000e+004, -1.0777109e+002,
  3.5000000e+004, -1.0743596e+002,
  3.5125000e+004, -1.0705379e+002,
  3.5250000e+004, -1.0705967e+002,
  3.5375000e+004, -1.0740656e+002,
  3.5500000e+004, -1.0736540e+002,
  3.5625000e+004, -1.0743008e+002,
  3.5750000e+004, -1.0715374e+002,
  3.5875000e+004, -1.0709495e+002,
  3.6000000e+004, -1.0731249e+002,
  3.6125000e+004, -1.0702439e+002,
  3.6250000e+004, -1.0698912e+002,
  3.6375000e+004, -1.0700675e+002,
  3.6500000e+004, -1.0665398e+002,
  3.6625000e+004, -1.0642468e+002,
  3.6750000e+004, -1.0689504e+002,
  3.6875000e+004, -1.0730661e+002,
  3.7000000e+004, -1.0757118e+002,
  3.7125000e+004, -1.0755943e+002,
  3.7250000e+004, -1.0717138e+002,
  3.7375000e+004, -1.0706555e+002,
  3.7500000e+004, -1.0701263e+002,
  3.7625000e+004, -1.0688916e+002,
  3.7750000e+004, -1.0714198e+002,
  3.7875000e+004, -1.0673630e+002,
  3.8000000e+004, -1.0648348e+002,
  3.8125000e+004, -1.0701263e+002,
  3.8250000e+004, -1.0740656e+002,
  3.8375000e+004, -1.0734776e+002,
  3.8500000e+004, -1.0745947e+002,
  3.8625000e+004, -1.0744184e+002,
  3.8750000e+004, -1.0725957e+002,
  3.8875000e+004, -1.0704791e+002,
  3.9000000e+004, -1.0691856e+002,
  3.9125000e+004, -1.0666574e+002,
  3.9250000e+004, -1.0697736e+002,
  3.9375000e+004, -1.0765938e+002,
  3.9500000e+004, -1.0772993e+002,
  3.9625000e+004, -1.0755943e+002,
  3.9750000e+004, -1.0735364e+002,
  3.9875000e+004, -1.0705967e+002,
  4.0000000e+004, -1.0659519e+002,
  4.0125000e+004, -1.0672454e+002,
  4.0250000e+004, -1.0723017e+002,
  4.0375000e+004, -1.0692444e+002,
  4.0500000e+004, -1.0660695e+002,
  4.0625000e+004, -1.0693620e+002,
  4.0750000e+004, -1.0733013e+002,
  4.0875000e+004, -1.0710670e+002,
  4.1000000e+004, -1.0694208e+002,
  4.1125000e+004, -1.0698912e+002,
  4.1250000e+004, -1.0731837e+002,
  4.1375000e+004, -1.0741244e+002,
  4.1500000e+004, -1.0741832e+002,
  4.1625000e+004, -1.0697148e+002,
  4.1750000e+004, -1.0608367e+002,
  4.1875000e+004, -1.0129777e+002,
  4.2000000e+004, -9.8640237e+001,
  4.2125000e+004, -1.0129189e+002,
  4.2250000e+004, -1.0664223e+002,
  4.2375000e+004, -1.0770053e+002,
  4.2500000e+004, -1.0759470e+002,
  4.2625000e+004, -1.0734188e+002,
  4.2750000e+004, -1.0710670e+002,
  4.2875000e+004, -1.0694796e+002,
  4.3000000e+004, -1.0708907e+002,
  4.3125000e+004, -1.0772405e+002,
  4.3250000e+004, -1.0782400e+002,
  4.3375000e+004, -1.0734188e+002,
  4.3500000e+004, -1.0697148e+002,
  4.3625000e+004, -1.0680685e+002,
  4.3750000e+004, -1.0707143e+002,
  4.3875000e+004, -1.0699499e+002,
  4.4000000e+004, -1.0654815e+002,
  4.4125000e+004, -1.0688328e+002,
  4.4250000e+004, -1.0735952e+002,
  4.4375000e+004, -1.0745947e+002,
  4.4500000e+004, -1.0713022e+002,
  4.4625000e+004, -1.0706555e+002,
  4.4750000e+004, -1.0781812e+002,
  4.4875000e+004, -1.0777109e+002,
  4.5000000e+004, -1.0727133e+002,
  4.5125000e+004, -1.0718314e+002,
  4.5250000e+004, -1.0711258e+002,
  4.5375000e+004, -1.0718902e+002,
  4.5500000e+004, -1.0697736e+002,
  4.5625000e+004, -1.0663047e+002,
  4.5750000e+004, -1.0687740e+002,
  4.5875000e+004, -1.0661871e+002,
  4.6000000e+004, -1.0584849e+002,
  4.6125000e+004, -1.0646584e+002,
  4.6250000e+004, -1.0728309e+002,
  4.6375000e+004, -1.0725957e+002,
  4.6500000e+004, -1.0699499e+002,
  4.6625000e+004, -1.0747123e+002,
  4.6750000e+004, -1.0668338e+002,
  4.6875000e+004, -1.0479018e+002,
  4.7000000e+004, -1.0466084e+002,
  4.7125000e+004, -1.0625418e+002,
  4.7250000e+004, -1.0726545e+002,
  4.7375000e+004, -1.0781224e+002,
  4.7500000e+004, -1.0788868e+002,
  4.7625000e+004, -1.0769465e+002,
  4.7750000e+004, -1.0724193e+002,
  4.7875000e+004, -1.0722429e+002,
  4.8000000e+004, -1.0709495e+002,
  4.8125000e+004, -1.0753003e+002,
  4.8250000e+004, -1.0774757e+002,
  4.8375000e+004, -1.0743008e+002,
  4.8500000e+004, -1.0741832e+002,
  4.8625000e+004, -1.0753003e+002,
  4.8750000e+004, -1.0736540e+002,
  4.8875000e+004, -1.0698912e+002,
  4.9000000e+004, -1.0712434e+002,
  4.9125000e+004, -1.0729485e+002,
  4.9250000e+004, -1.0735364e+002,
  4.9375000e+004, -1.0759470e+002,
  4.9500000e+004, -1.0770053e+002,
  4.9625000e+004, -1.0724193e+002,
  4.9750000e+004, -1.0697148e+002,
  4.9875000e+004, -1.0698912e+002,
