  0.0000000e+000, -5.1499485e+001,
  6.2500000e+001, -6.8914539e+001,
  1.2500000e+002, -6.9537766e+001,
  1.8750000e+002, -6.8896904e+001,
  2.5000000e+002, -6.7562256e+001,
  3.1250000e+002, -6.5845448e+001,
  3.7500000e+002, -6.4693066e+001,
  4.3750000e+002, -6.5480919e+001,
  5.0000000e+002, -6.6727371e+001,
  5.6250000e+002, -6.6121780e+001,
  6.2500000e+002, -6.5416245e+001,
  6.8750000e+002, -6.4452007e+001,
  7.5000000e+002, -6.5704338e+001,
  8.1250000e+002, -6.8150208e+001,
  8.7500000e+002, -7.0713665e+001,
  9.3750000e+002, -7.3953266e+001,
  1.0000000e+003, -7.5964052e+001,
  1.0625000e+003, -7.7269299e+001,
  1.1250000e+003, -7.8892038e+001,
  1.1875000e+003, -8.1308510e+001,
  1.2500000e+003, -8.3783775e+001,
  1.3125000e+003, -7.6834217e+001,
  1.3750000e+003, -7.8521631e+001,
  1.4375000e+003, -7.9909191e+001,
  1.5000000e+003, -8.1320269e+001,
  1.5625000e+003, -8.2366817e+001,
  1.6250000e+003, -8.3977798e+001,
  1.6875000e+003, -8.3924883e+001,
  1.7500000e+003, -8.4165943e+001,
  1.8125000e+003, -8.5106661e+001,
  1.8750000e+003, -8.7252676e+001,
  1.9375000e+003, -8.5718128e+001,
  2.0000000e+003, -8.6247284e+001,
  2.0625000e+003, -8.6705883e+001,
  2.1250000e+003, -8.6982220e+001,
  2.1875000e+003, -8.6594173e+001,
  2.2500000e+003, -8.8481490e+001,
  2.3125000e+003, -8.7411423e+001,
  2.3750000e+003, -9.1503549e+001,
  2.4375000e+003, -8.7264435e+001,
  2.5000000e+003, -8.6776438e+001,
  2.5625000e+003, -8.9610353e+001,
  2.6250000e+003, -8.9963122e+001,
  2.6875000e+003, -8.8998885e+001,
  2.7500000e+003, -8.8381538e+001,
  2.8125000e+003, -9.0210061e+001,
  2.8750000e+003, -8.9686786e+001,
  2.9375000e+003, -8.8134600e+001,
  3.0000000e+003, -8.8211033e+001,
  3.0625000e+003, -8.3054720e+001,
  3.1250000e+003, -7.8186499e+001,
  3.1875000e+003, -7.2742090e+001,
  3.2500000e+003, -7.0166874e+001,
  3.3125000e+003, -6.7203609e+001,
  3.3750000e+003, -6.1077179e+001,
  3.4375000e+003, -5.9119308e+001,
  3.5000000e+003, -6.9819981e+001,
  3.5625000e+003, -7.5199718e+001,
  3.6250000e+003, -7.8621582e+001,
  3.6875000e+003, -8.2707829e+001,
  3.7500000e+003, -8.5294806e+001,
  3.8125000e+003, -8.7952335e+001,
  3.8750000e+003, -8.9398691e+001,
  3.9375000e+003, -9.1121382e+001,
  4.0000000e+003, -9.2191449e+001,
  4.0625000e+003, -8.9622111e+001,
  4.1250000e+003, -8.7017496e+001,
  4.1875000e+003, -8.2960648e+001,
  4.2500000e+003, -8.1849422e+001,
  4.3125000e+003, -7.9150736e+001,
  4.3750000e+003, -7.7069397e+001,
  4.4375000e+003, -7.4982176e+001,
  4.5000000e+003, -7.3894470e+001,
  4.5625000e+003, -7.3136017e+001,
  4.6250000e+003, -7.3100739e+001,
  4.6875000e+003, -7.4194324e+001,
  4.7500000e+003, -7.5670076e+001,
  4.8125000e+003, -7.5517210e+001,
  4.8750000e+003, -7.6081642e+001,
  4.9375000e+003, -7.6040485e+001,
  5.0000000e+003, -7.6487326e+001,
  5.0625000e+003, -7.5993448e+001,
  5.1250000e+003, -7.6575520e+001,
  5.1875000e+003, -7.5046850e+001,
  5.2500000e+003, -7.4941019e+001,
  5.3125000e+003, -7.4758757e+001,
  5.3750000e+003, -7.3576979e+001,
  5.4375000e+003, -7.2124744e+001,
  5.5000000e+003, -7.0731304e+001,
  5.5625000e+003, -6.9302586e+001,
  5.6250000e+003, -6.6980186e+001,
  5.6875000e+003, -6.4099236e+001,
  5.7500000e+003, -6.0201134e+001,
  5.8125000e+003, -5.3663139e+001,
  5.8750000e+003, -4.0093269e+001,
  5.9375000e+003, -5.3868919e+001,
  6.0000000e+003, -5.8907646e+001,
  6.0625000e+003, -6.1441708e+001,
  6.1250000e+003, -6.3029171e+001,
  6.1875000e+003, -6.4234467e+001,
  6.2500000e+003, -6.4793018e+001,
  6.3125000e+003, -6.4657787e+001,
  6.3750000e+003, -6.4199188e+001,
  6.4375000e+003, -6.3446613e+001,
  6.5000000e+003, -6.2300114e+001,
  6.5625000e+003, -6.0489227e+001,
  6.6250000e+003, -5.7866974e+001,
  6.6875000e+003, -5.3445599e+001,
  6.7500000e+003, -4.4120724e+001,
  6.8125000e+003, -4.6178543e+001,
  6.8750000e+003, -6.0877274e+001,
  6.9375000e+003, -6.2258957e+001,
  7.0000000e+003, -6.4263863e+001,
  7.0625000e+003, -6.6362843e+001,
  7.1250000e+003, -6.8056133e+001,
  7.1875000e+003, -6.9355503e+001,
  7.2500000e+003, -7.0513763e+001,
  7.3125000e+003, -7.1613228e+001,
  7.3750000e+003, -7.2336407e+001,
  7.4375000e+003, -7.2495152e+001,
  7.5000000e+003, -7.3500544e+001,
  7.5625000e+003, -7.3606375e+001,
  7.6250000e+003, -7.4347191e+001,
  7.6875000e+003, -7.4864586e+001,
  7.7500000e+003, -7.4541214e+001,
  7.8125000e+003, -7.4911623e+001,
  7.8750000e+003, -7.4711720e+001,
  7.9375000e+003, -7.4741117e+001,
  8.0000000e+003, -7.5029213e+001,
  8.0625000e+003, -7.5158562e+001,
  8.1250000e+003, -7.4382469e+001,
  8.1875000e+003, -7.4059095e+001,
  8.2500000e+003, -7.3923868e+001,
  8.3125000e+003, -7.3230087e+001,
  8.3750000e+003, -7.2606861e+001,
  8.4375000e+003, -7.1407444e+001,
  8.5000000e+003, -7.0984123e+001,
  8.5625000e+003, -7.0155113e+001,
  8.6250000e+003, -6.8896904e+001,
  8.6875000e+003, -6.7150692e+001,
  8.7500000e+003, -6.5134026e+001,
  8.8125000e+003, -6.2159004e+001,
  8.8750000e+003, -5.8049240e+001,
  8.9375000e+003, -5.0223637e+001,
  9.0000000e+003, -4.9829708e+001,
  9.0625000e+003, -5.8131554e+001,
  9.1250000e+003, -6.2488255e+001,
  9.1875000e+003, -6.5292774e+001,
  9.2500000e+003, -6.7450546e+001,
  9.3125000e+003, -6.9026253e+001,
  9.3750000e+003, -7.0131596e+001,
  9.4375000e+003, -7.1783733e+001,
  9.5000000e+003, -7.2436356e+001,
  9.5625000e+003, -7.3235968e+001,
  9.6250000e+003, -7.3206570e+001,
  9.6875000e+003, -7.4070856e+001,
  9.7500000e+003, -7.5405500e+001,
  9.8125000e+003, -7.5258512e+001,
  9.8750000e+003, -7.5805305e+001,
  9.9375000e+003, -7.5628920e+001,
  1.0000000e+004, -7.5199718e+001,
  1.0062500e+004, -7.4306034e+001,
  1.0125000e+004, -7.3006666e+001,
  1.0187500e+004, -6.9502491e+001,
  1.0250000e+004, -6.0471592e+001,
  1.0312500e+004, -6.8414783e+001,
  1.0375000e+004, -7.6052244e+001,
  1.0437500e+004, -7.8686256e+001,
  1.0500000e+004, -7.6898891e+001,
  1.0562500e+004, -7.2589224e+001,
  1.0625000e+004, -6.5980675e+001,
  1.0687500e+004, -5.4327522e+001,
  1.0750000e+004, -5.4921349e+001,
  1.0812500e+004, -5.9983593e+001,
  1.0875000e+004, -6.1565174e+001,
  1.0937500e+004, -6.1453465e+001,
  1.1000000e+004, -6.0289326e+001,
  1.1062500e+004, -5.7849339e+001,
  1.1125000e+004, -5.3216297e+001,
  1.1187500e+004, -4.6548954e+001,
  1.1250000e+004, -5.4692051e+001,
  1.1312500e+004, -6.0659733e+001,
  1.1375000e+004, -6.4557838e+001,
  1.1437500e+004, -6.8050255e+001,
  1.1500000e+004, -7.1225182e+001,
  1.1562500e+004, -7.6087521e+001,
  1.1625000e+004, -8.5965067e+001,
  1.1687500e+004, -7.2171780e+001,
  1.1750000e+004, -5.7043846e+001,
  1.1812500e+004, -5.9836605e+001,
  1.1875000e+004, -6.4052200e+001,
  1.1937500e+004, -6.6298168e+001,
  1.2000000e+004, -6.7368233e+001,
  1.2062500e+004, -6.8238400e+001,
  1.2125000e+004, -6.8156086e+001,
  1.2187500e+004, -6.8320713e+001,
  1.2250000e+004, -6.7579895e+001,
  1.2312500e+004, -6.7256523e+001,
  1.2375000e+004, -6.6204094e+001,
  1.2437500e+004, -6.4452007e+001,
  1.2500000e+004, -6.1823872e+001,
  1.2562500e+004, -5.7690590e+001,
  1.2625000e+004, -5.0364742e+001,
  1.2687500e+004, -5.6320667e+001,
  1.2750000e+004, -6.2658760e+001,
  1.2812500e+004, -6.6856720e+001,
  1.2875000e+004, -7.0155113e+001,
  1.2937500e+004, -7.2406960e+001,
  1.3000000e+004, -7.4117891e+001,
  1.3062500e+004, -7.5534849e+001,
  1.3125000e+004, -7.7251659e+001,
  1.3187500e+004, -7.8509872e+001,
  1.3250000e+004, -8.0238441e+001,
  1.3312500e+004, -8.1002777e+001,
  1.3375000e+004, -8.3042959e+001,
  1.3437500e+004, -8.4495195e+001,
  1.3500000e+004, -8.4806808e+001,
  1.3562500e+004, -9.2603014e+001,
  1.3625000e+004, -8.7152725e+001,
  1.3687500e+004, -6.7785679e+001,
  1.3750000e+004, -7.4835190e+001,
  1.3812500e+004, -7.7704382e+001,
  1.3875000e+004, -7.9280085e+001,
  1.3937500e+004, -7.9532904e+001,
  1.4000000e+004, -7.9762203e+001,
  1.4062500e+004, -7.9291843e+001,
  1.4125000e+004, -7.8739172e+001,
  1.4187500e+004, -7.7968958e+001,
  1.4250000e+004, -7.7651466e+001,
  1.4312500e+004, -7.6122797e+001,
  1.4375000e+004, -7.3882711e+001,
  1.4437500e+004, -7.1213421e+001,
  1.4500000e+004, -6.7274162e+001,
  1.4562500e+004, -6.6280529e+001,
  1.4625000e+004, -7.0278584e+001,
  1.4687500e+004, -7.3412352e+001,
  1.4750000e+004, -7.4594130e+001,
  1.4812500e+004, -7.4288397e+001,
  1.4875000e+004, -7.1442722e+001,
  1.4937500e+004, -8.4254135e+001,
  1.5000000e+004, -9.7447715e+001,
  1.5062500e+004, -9.0509915e+001,
  1.5125000e+004, -9.0163025e+001,
  1.5187500e+004, -8.9610353e+001,
  1.5250000e+004, -8.5488829e+001,
  1.5312500e+004, -8.4524591e+001,
  1.5375000e+004, -8.1032173e+001,
  1.5437500e+004, -7.5905256e+001,
  1.5500000e+004, -6.8655842e+001,
  1.5562500e+004, -6.2605846e+001,
  1.5625000e+004, -6.4798897e+001,
  1.5687500e+004, -6.6227612e+001,
  1.5750000e+004, -6.5239857e+001,
  1.5812500e+004, -6.2970375e+001,
  1.5875000e+004, -6.2341270e+001,
  1.5937500e+004, -6.5639664e+001,
  1.6000000e+004, -6.8826347e+001,
  1.6062500e+004, -7.1295734e+001,
  1.6125000e+004, -7.2724451e+001,
  1.6187500e+004, -7.3700447e+001,
  1.6250000e+004, -7.4306034e+001,
  1.6312500e+004, -7.4358950e+001,
  1.6375000e+004, -7.4270758e+001,
  1.6437500e+004, -7.3865072e+001,
  1.6500000e+004, -7.2800884e+001,
  1.6562500e+004, -7.2101227e+001,
  1.6625000e+004, -6.9702393e+001,
  1.6687500e+004, -6.7233006e+001,
  1.6750000e+004, -6.3634758e+001,
  1.6812500e+004, -5.9795448e+001,
  1.6875000e+004, -6.0818481e+001,
  1.6937500e+004, -6.4934124e+001,
  1.7000000e+004, -6.8038498e+001,
  1.7062500e+004, -6.9508369e+001,
  1.7125000e+004, -7.2883198e+001,
  1.7187500e+004, -8.0326635e+001,
  1.7250000e+004, -7.5182079e+001,
  1.7312500e+004, -7.1489758e+001,
  1.7375000e+004, -7.1266338e+001,
  1.7437500e+004, -7.2671535e+001,
  1.7500000e+004, -7.2018913e+001,
  1.7562500e+004, -7.2636259e+001,
  1.7625000e+004, -7.1795490e+001,
  1.7687500e+004, -7.1042915e+001,
  1.7750000e+004, -6.9867020e+001,
  1.7812500e+004, -6.8062016e+001,
  1.7875000e+004, -6.5233978e+001,
  1.7937500e+004, -6.2835144e+001,
  1.8000000e+004, -6.4293259e+001,
  1.8062500e+004, -7.0384415e+001,
  1.8125000e+004, -7.5058609e+001,
  1.8187500e+004, -8.1190920e+001,
  1.8250000e+004, -9.0174784e+001,
  1.8312500e+004, -8.7611326e+001,
  1.8375000e+004, -7.9244808e+001,
  1.8437500e+004, -7.3347677e+001,
  1.8500000e+004, -6.6997826e+001,
  1.8562500e+004, -6.3670033e+001,
  1.8625000e+004, -6.7385872e+001,
  1.8687500e+004, -7.0937084e+001,
  1.8750000e+004, -7.2830282e+001,
  1.8812500e+004, -7.4717600e+001,
  1.8875000e+004, -7.5417259e+001,
  1.8937500e+004, -7.6581398e+001,
  1.9000000e+004, -7.6893011e+001,
  1.9062500e+004, -7.7722019e+001,
  1.9125000e+004, -7.8286451e+001,
  1.9187500e+004, -7.8668617e+001,
  1.9250000e+004, -7.8833244e+001,
  1.9312500e+004, -7.9674011e+001,
  1.9375000e+004, -7.9350639e+001,
  1.9437500e+004, -7.9938589e+001,
  1.9500000e+004, -7.9462349e+001,
  1.9562500e+004, -8.0279598e+001,
  1.9625000e+004, -8.0232563e+001,
  1.9687500e+004, -7.9186014e+001,
  1.9750000e+004, -7.9327122e+001,
  1.9812500e+004, -7.9133099e+001,
  1.9875000e+004, -7.8433437e+001,
  1.9937500e+004, -7.7328094e+001,
  2.0000000e+004, -7.5887619e+001,
  2.0062500e+004, -7.5017454e+001,
  2.0125000e+004, -7.3330040e+001,
  2.0187500e+004, -7.1348652e+001,
  2.0250000e+004, -6.8732277e+001,
  2.0312500e+004, -6.6286407e+001,
  2.0375000e+004, -6.4975281e+001,
  2.0437500e+004, -6.6756767e+001,
  2.0500000e+004, -7.0901810e+001,
  2.0562500e+004, -7.0560799e+001,
  2.0625000e+004, -7.3018427e+001,
  2.0687500e+004, -7.6963566e+001,
  2.0750000e+004, -9.6865646e+001,
  2.0812500e+004, -9.2497183e+001,
  2.0875000e+004, -9.4990088e+001,
  2.0937500e+004, -9.9970017e+001,
  2.1000000e+004, -8.7017496e+001,
  2.1062500e+004, -8.1326149e+001,
  2.1125000e+004, -7.5558367e+001,
  2.1187500e+004, -6.8408905e+001,
  2.1250000e+004, -6.3017410e+001,
  2.1312500e+004, -6.7491703e+001,
  2.1375000e+004, -7.2495152e+001,
  2.1437500e+004, -7.5329067e+001,
  2.1500000e+004, -7.1401566e+001,
  2.1562500e+004, -7.0754822e+001,
  2.1625000e+004, -7.0907688e+001,
  2.1687500e+004, -7.1589710e+001,
  2.1750000e+004, -7.2577465e+001,
  2.1812500e+004, -7.2624500e+001,
  2.1875000e+004, -7.3371195e+001,
  2.1937500e+004, -7.2912596e+001,
  2.2000000e+004, -7.2953753e+001,
  2.2062500e+004, -7.2853800e+001,
  2.2125000e+004, -7.2642139e+001,
  2.2187500e+004, -7.1777855e+001,
  2.2250000e+004, -7.0790100e+001,
  2.2312500e+004, -6.9226154e+001,
  2.2375000e+004, -6.8003220e+001,
  2.2437500e+004, -6.7468185e+001,
  2.2500000e+004, -6.6451035e+001,
  2.2562500e+004, -6.5416245e+001,
  2.2625000e+004, -6.6809681e+001,
  2.2687500e+004, -6.8426544e+001,
  2.2750000e+004, -6.9867020e+001,
  2.2812500e+004, -7.0801857e+001,
  2.2875000e+004, -7.1042915e+001,
  2.2937500e+004, -7.1707298e+001,
  2.3000000e+004, -7.5875858e+001,
  2.3062500e+004, -8.1684797e+001,
  2.3125000e+004, -8.4248257e+001,
  2.3187500e+004, -8.9992519e+001,
  2.3250000e+004, -9.7100825e+001,
  2.3312500e+004, -8.7646603e+001,
  2.3375000e+004, -9.1409477e+001,
  2.3437500e+004, -9.0251217e+001,
  2.3500000e+004, -8.7358507e+001,
  2.3562500e+004, -9.0380566e+001,
  2.3625000e+004, -8.6894028e+001,
  2.3687500e+004, -8.4077751e+001,
  2.3750000e+004, -8.6794075e+001,
  2.3812500e+004, -8.5477070e+001,
  2.3875000e+004, -8.5130180e+001,
  2.3937500e+004, -9.1750487e+001,
  2.4000000e+004, -7.9862154e+001,
  2.4062500e+004, -7.7210505e+001,
  2.4125000e+004, -7.5199718e+001,
  2.4187500e+004, -7.2348164e+001,
  2.4250000e+004, -7.0507881e+001,
  2.4312500e+004, -7.1142868e+001,
  2.4375000e+004, -7.2847921e+001,
  2.4437500e+004, -7.5452536e+001,
  2.4500000e+004, -7.6810698e+001,
  2.4562500e+004, -7.9191893e+001,
  2.4625000e+004, -8.0855789e+001,
  2.4687500e+004, -8.5712250e+001,
  2.4750000e+004, -9.9046937e+001,
  2.4812500e+004, -1.0439140e+002,
  2.4875000e+004, -9.0457000e+001,
  2.4937500e+004, -8.5829840e+001,
